version: 1
creator: callgrind-3.10.1
pid: 2084
cmd:  /home/kordax/Projects/litedet/build-release/litedet kordax
part: 1


desc: I1 cache: 32768 B, 64 B, 8-way associative
desc: D1 cache: 32768 B, 64 B, 8-way associative
desc: LL cache: 6291456 B, 64 B, 24-way associative

desc: Timerange: Basic block 0 - 380202
desc: Trigger: Program termination

positions: line
events: Ir Dr Dw I1mr D1mr D1mw ILmr DLmr DLmw Bc Bcm Bi Bim
summary: 2227969 521864 208476 1248 9809 1976 1228 5923 1485 332530 18454 3333 297


ob=(1) /lib/x86_64-linux-gnu/ld-2.19.so
fl=(1) ???
fn=(110) 0x00000000000173c0
0 374 94 25 6 12 5 6 12 5 86 18 17 13
cfn=(146) 0x0000000000018180
calls=1 0 
0 12 1 1 1 0 1 1 0 1 2
0 7 2 1 0 1 0 0 1 0 2 1
cfn=(184) 0x00000000000181e0
calls=1 0 
0 17 5 2 2 0 0 2 0 0 3 1
0 12 3 1 1 0 0 1 0 0 2 0 1 1
cfn=(198) 0x0000000000001910
calls=1 0 
0 2044464 479548 183258 579 7891 1493 578 4905 1127 296758 14160 2518 56
0 28 17 1 3 3 0 3 2
cfn=(160) 0x0000000000019ca0
calls=1 0 
0 35 2 0 4 0 0 4 0 0 9 3
0 2 0 1 1 0 0 1

fn=(294) __libc_memalign
0 928 92 137 3 3 0 3 0 0 132 30
cfn=(596) 0x0000000000019650
calls=5 0 
0 30 5 0 1 0 0 1 0 0 5
0 472 143 94 1 0 0 1 0 0 5

fn=(342) 0x0000000000001330
0 116 58 58 1 0 4 1 0 2

fn=(470) 0x00000000000196e0
0 5 1 0 1 0 0 1 0 0 1

fn=(504) 0x000000000000ece0
0 29 3 13 4 0 2 4 0 2 2 2
cfn=(510) 0x0000000000019530
calls=1 0 
0 9 1 1 2 0 1 2 0 1 1 1
0 61 6 14 7 0 1 7 0 1 7 4
cfn=(290) malloc
calls=1 0 
0 34 6 5 0 0 0 0 0 0 3 1 1
0 1 1 0 0 0 0 0 0 0 0 0 1
0 164 26 14 7 0 0 7 0 0 26 11
cfn=(540) 0x000000000001a9c0
calls=1 0 
0 22 3 2 2 1 1 2 1 1 6 3
0 5 2 2 1 0 0 1
cfn=(540)
calls=1 0 
0 22 3 2 0 0 0 0 0 0 6 3
0 4 0 3

fn=(510)
0 54 6 6 2 0 1 2 0 1 6 5

fn=(608) 0x000000000001a9b0
0 5294 23 5156 2 0 83 1 0 83 5179 64

fn=(698) 0x0000000000007dd0
0 33 0 18 1 0 1 1 0 1
cfn=(700) 0x0000000000019a50
calls=3 0 
0 141 18 0 6 1 0 6 1 0 9 6
0 12 0 3 0 0 0 0 0 0 3
cfn=(160)
calls=3 0 
0 197 18 0 0 0 0 0 0 0 46 11
0 9 0 3 1 0 0 1
cfn=(290)
calls=3 0 
0 102 18 15 0 0 0 0 0 0 9 2 3
0 3 3 0 0 0 0 0 0 0 0 0 3
0 165 38 20 0 0 1 0 0 1 29 7

fn=(1050) 0x0000000000019450
0 60 6 0 1 0 0 1 0 0 12

fn=(1178) 0x00000000000196a0
0 45 9 0 1 0 0 1 0 0 9

fn=(1348) 0x000000000000dac0
0 1110 211 86 9 4 0 9 0 0 302 23
cfn=(700)
calls=11 0 
0 301 39 0 0 5 0 0 5 0 24 6
0 99 44 22 1 0 0 1 0 0 11
cfn=(906) 0x000000000000ff80
calls=11 0 
0 29572 5418 7206 80 115 160 80 115 160 9726 841 58 1
0 205 52 45 2 1 0 2 0 0 33 6
cfn=(290)
calls=5 0 
0 170 30 25 0 0 0 0 0 0 15 3 5
0 5 5 0 0 0 0 0 0 0 0 0 5
0 55 0 10 1 0 0 1 0 0 5
cfn=(300) 0x000000000001abf0
calls=5 0 
0 129 18 13 0 0 2 0 0 2 38 15
0 20 0 5
cfn=(300)
calls=5 0 
0 129 18 13 0 0 2 0 0 2 38 20
0 95 33 13 3 0 0 3 0 0 23 17
cfn=(290)
calls=1 0 
0 55 10 7 0 0 0 0 0 0 5 1 1
0 1 1 0 0 0 0 0 0 0 0 0 1
0 108 37 21 4 0 1 4 0 1 12 6
cfn=(608)
calls=1 0 
0 20 1 14 0 0 0 0 0 0 15 2
0 443 104 24 3 0 0 3 0 0 98 26
cfn=(608)
calls=5 0 
0 60 5 30 0 0 0 0 0 0 35 9
0 527 57 15 7 1 0 7 0 0 154 13
cfn=(300)
calls=1 0 
0 51 9 8 0 0 0 0 0 0 12 5
0 4 0 1 0 0 0 0 0 0 1 1

fn=(1484) 0x0000000000016d40
0 104 19 36 2 0 0 2 0 0 15 2
cfn=(510)
calls=4 0 
0 36 4 4 0 0 0 0 0 0 4 3
0 538 74 43 2 26 0 2 26 0 50
cfn=(1560) 0x0000000000016c50
calls=31 0 
0 2595 391 0 4 28 0 4 28 0 714 56
0 141 0 1 2 0 0 2 0 0 70 24
cfn=(1490) 0x0000000000011020
calls=1 0 
0 67 10 9 3 0 1 3 0 1 8 1
0 10 1 1 1 0 0 1 0 0 2
cfn=(234) 0x000000000001a300
calls=1 0 
0 112 29 6 0 2 0 0 2 0 24 2
0 15 1 3 1 0 0 1 0 0 2
cfn=(234)
calls=1 0 
0 111 20 6 6 2 0 6 2 0 18 9
0 142 26 11 1 3 0 1 3 0 23 3
cfn=(1560)
calls=7 0 
0 821 121 0 0 5 0 0 5 0 225 9
0 12 0 4 1 0 0 1
cfn=(1560)
calls=4 0 
0 706 102 0 0 2 0 0 2 0 192 12
0 254 88 0 6 0 0 6 0 0 63 12

fn=(2180) 0x0000000000001014
0 22 8 7 3 1 0 3 0 0 3 2

fn=(2710) 0x0000000000011230
0 144 14 0 1 2 0 1 1 0 20 7

fn=(198)
0 41 3 19 4 0 6 4 0 6
cfn=(200) 0x0000000000017a20
calls=1 0 
0 120 41 1 2 11 0 2 11 0 39 9
0 4 2 2
cfn=(200)
calls=2 0 
0 198 68 1 0 14 0 0 14 0 64 8
0 157 23 1 2 0 0 2 0 0 47 11 2 2
cfn=(234)
calls=1 0 
0 120 31 6 3 1 1 3 1 1 26 7
0 9 0 2 2 0 0 2 0 0 1
cfn=(234)
calls=1 0 
0 26 9 6 0 1 0 0 1 0 3 2
0 19 4 1 4 0 0 4 0 0 4 3
cfn=(276) 0x000000000000baa0
calls=1 0 
0 248 31 51 19 2 13 19 2 13 36 21 3 3
0 12 3 4 1 0 1 1 0 1 1
cfn=(340) 0x000000000000ba10
calls=1 0 
0 34 8 9 4 0 1 4 0 1 1 0 2 2
0 128 21 6 6 5 0 6 5 0 46 16
cfn=(410) 0x0000000000019c70
calls=1 0 
0 7 3 0 1 2 0 1 2 0 1 1
0 262 41 32 8 8 6 8 8 6 71 14
cfn=(102) 0x000000000000b960
calls=1 0 
0 14 5 3 0 1 0 0 1 0 2 1
0 7 1 2 2 0 0 2 0 0 2 1
cfn=(466) 0x0000000000017840
calls=1 0 
0 93 16 7 5 1 1 5 1 1 16 7
0 65 21 11 7 3 2 7 3 2 11 4
cfn=(234)
calls=1 0 
0 80 21 6 0 1 0 0 1 0 16 5
0 7 1 2 2 0 0 2 0 0 1
cfn=(502) 0x0000000000008700
calls=1 0 
0 3488 669 381 74 5 18 74 5 18 681 161 23 1
0 3 1 1 1 0 0 1
cfn=(838) 0x0000000000010980
calls=1 0 
0 17 4 4 2 0 0 2 0 0 3 2
0 63 18 17 5 3 1 5 3 1 8 2
cfn=(864) _dl_debug_state
calls=1 0 
0 1 1 0 1 0 0 1
0 12 4 1 1 0 0 1 0 0 3 1
cfn=(510)
calls=1 0 
0 9 1 1 0 0 0 0 0 0 1 1
0 19 2 1 1 0 0 1 0 0 2 1
cfn=(1348)
calls=1 0 
0 33159 6092 7558 110 126 165 110 120 165 10547 994 70 1
0 146 25 17 8 0 1 8 0 0 28 16
cfn=(1968) 0x0000000000010040
calls=1 0 
0 11149 3542 931 23 66 40 23 64 39 2171 234 20 2
0 5 2 2 0 0 0 0 0 0 1
cfn=(2098) 0x0000000000000ec8
calls=1 0 
0 671 73 337 15 3 38 15 1 38 341 25 7
0 4 1 2 1 0 0 1 0 0 1
cfn=(2180)
calls=1 0 
0 22 8 7 3 1 0 3 0 0 3 2
0 24 8 6 4 0 0 4 0 0 6 2
cfn=(2812) _dl_allocate_tls_init
calls=1 0 
0 370 44 212 7 4 5 7 0 4 224 26
0 8 3 1 1 1 0 1 0 0 3 2
cfn=(2834) 0x0000000000017680
calls=1 0 
0 1 1 0 1 0 0 1
0 6 1 1 0 0 0 0 0 0 1
cfn=(838)
calls=1 0 
0 8 3 0 0 1 0 0 0 0 3 3
0 2 0 2
cfn=(864)
calls=1 0 
0 1 1
0 1 0 1
cfn=(2844) 0x0000000000017380
calls=1 0 
0 15 4 2 1 2 0 1 0 0 2 1
0 21 9 2 2 2 0 2 0 0 1
cfn=(2214) 0x000000000000c0d0
calls=1 0 
0 10838 3346 1422 0 85 4 0 11 0 1799 173 9
0 148 42 16 3 10 1 3 0 0 14 2
cfn=(2214)
calls=6 0 
0 1979022 464468 171836 146 7506 1156 145 4633 800 279770 12240 2371 43
0 59 12 4 2 3 0 2 0 0 19 16
cfn=(2582) 0x00000000000133f0
calls=2 0 
0 40 16 10 3 5 2 3 0 0 2
0 12 1 2 4 0 0 4
cfn=(160)
calls=1 0 
0 95 10 0 0 1 0 0 1 0 23 4
0 8 0 1 1 0 0 1
cfn=(300)
calls=1 0 
0 67 11 10 3 0 0 3 0 0 14 7
0 11 0 2
cfn=(676) 0x00000000000180f0
calls=1 0 
0 861 269 1 0 0 0 0 0 0 268 6
0 3 0 1
cfn=(676)
calls=1 0 
0 6 3 0 0 0 0 0 0 0 2 1
0 15 2 1 1 0 0 1 0 0 4 1
cfn=(904) 0x0000000000000ae0
calls=1 0 
0 2389 497 291 81 17 31 81 17 31 425 127 11 2
0 14 1 2 2 0 0 2

fn=(596)
0 108 18 0 1 0 0 1 0 0 18

fn=(1744) 0x0000000000012750
0 16 6 2 1 0 0 1 0 0 2

fn=(1972) 0x00000000000018d0
0 6 2 2 1 0 0 1
cfn=(1974) 0x0000000000011ab0
calls=1 0 
0 11109 3527 917 20 66 40 20 64 39 2170 233 18
0 4 2 0 0 0 0 0 0 0 1 1

fn=(2118) 0x0000000000012830
0 107 19 11 6 0 0 6 0 0 11 3

fn=(2142) 0x0000000000012ac0
0 7 2 4 1 0 0 1
cfn=(294)
calls=1 0 
0 51 9 7 0 0 0 0 0 0 5 1
0 1 1 0 0 0 0 0 0 0 0 0 1
0 315 1 289 2 0 36 2 0 36 296 10
cfn=(286) calloc
calls=1 0 
0 43 7 5 0 0 0 0 0 0 4 0 2
0 1 1 0 0 0 0 0 0 0 0 0 1
0 10 4 2 0 0 1 0 0 1 1

fn=(2290) 0x000000000000a860
0 451372 61457 27786 6 1221 16 6 1040 3 53879 1324
cfn=(2306) 0x0000000000009ef0
calls=1263 0 
0 1327166 352303 130175 43 2968 31 41 804 6 191892 10926 111 4
0 45330 18865 2527 5 9 0 5 1 0 8821 26

fn=(184)
0 17 5 2 2 0 0 2 0 0 3 1

fn=(276)
0 90 0 66 2 0 3 2 0 3
cfn=(160)
calls=6 0 
0 351 45 0 0 1 0 0 1 0 101 23
0 120 12 12 1 0 0 1 0 0 6
cfn=(286)
calls=6 0 
0 263 42 31 5 0 0 5 0 0 24 6 12 2
0 6 6 0 1 0 0 1 0 0 0 0 6 1
0 72 12 24 1 0 13 1 0 13 6
cfn=(300)
calls=6 0 
0 178 27 21 3 0 7 3 0 7 42 19
0 360 58 81 5 6 19 5 6 19 56 31
cfn=(160)
calls=5 0 
0 334 31 0 0 0 0 0 0 0 77 10
0 139 57 21 3 0 6 3 0 6 11 4
cfn=(540)
calls=5 0 
0 190 32 27 3 0 4 3 0 4 46 25
0 366 84 10 2 0 0 2 0 0 84 34
cfn=(290)
calls=5 0 
0 191 34 27 0 0 0 0 0 0 17 4 5
0 5 5 0 0 0 0 0 0 0 0 0 5
0 25 0 0 0 0 0 0 0 0 5

fn=(630) 0x0000000000008370
0 17 2 7 2 0 0 2 0 0 1
cfn=(160)
calls=1 0 
0 81 9 0 1 1 0 1 1 0 23 6
0 3 0 1
cfn=(290)
calls=1 0 
0 34 6 5 0 0 0 0 0 0 3 1 1
0 1 1 0 0 0 0 0 0 0 0 0 1
0 6 0 1 1 0 0 1 0 0 1
cfn=(300)
calls=1 0 
0 36 6 5 0 0 1 0 0 1 7 1
0 193 27 1 1 0 0 1 0 0 28 10
cfn=(290)
calls=1 0 
0 34 6 5 0 0 0 0 0 0 3 1 1
0 1 1 0 0 0 0 0 0 0 0 0 1
0 11 0 2 0 0 0 0 0 0 1
cfn=(674) 0x0000000000007f40
calls=1 0 
0 829 176 71 24 1 3 24 1 3 165 40 5 1
0 2 0 1
cfn=(778) free
calls=1 0 
0 6 3 1 0 0 0 0 0 0 1
0 1 1 0 0 0 0 0 0 0 0 0 1
0 11 7 2 1 0 0 1

fn=(912) 0x0000000000019770
0 228 60 96 2 0 1 2 0 1

fn=(2812)
0 68 17 15 4 2 1 4 0 0 9 6
cfn=(540)
calls=2 0 
0 37 4 2 0 1 1 0 0 1 13 10
0 10 0 2
cfn=(608)
calls=2 0 
0 204 2 192 0 0 3 0 0 3 194 7
0 51 21 1 3 1 0 3 0 0 8 3

fn=(2872) 0x00000000000100a0
0 180 42 47 1 12 1 1 0 0 23 2 5 5
cob=(2) ???
cfi=(2) ???
cfn=(3116) 0x0000000004c7ec48
calls=1 0 
0 6 2 0 1 1 0 1 0 0 1 1
cob=(2)
cfi=(2)
cfn=(3104) 0x0000000004f2f400
calls=1 0 
0 6 2 0 0 1 0 0 0 0 1 1
cob=(2)
cfi=(2)
cfn=(3080) 0x00000000052327c0
calls=1 0 
0 6 2 0 1 1 0 1 0 0 1 1
cob=(3) /lib/x86_64-linux-gnu/libc-2.19.so
cfi=(3) ???
cfn=(2924) 0x0000000000021c20
calls=1 0 
0 211 45 26 16 13 5 16 0 3 16 10
cob=(2)
cfi=(2)
cfn=(2882) 0x0000000004a254d8
calls=1 0 
0 6 2 0 1 0 0 0 0 0 1
0 85 30 5 1 10 0 1 0 0 10 2 5 5
cob=(7) /usr/lib/x86_64-linux-gnu/libstdc++.so.6.0.19
cfi=(7) ???
cfn=(3120) 0x000000000005bd00
calls=1 0 
0 16 3 1 2 1 0 2 0 0 2 1
cob=(4) /lib/x86_64-linux-gnu/libm-2.19.so
cfi=(4) ???
cfn=(3108) 0x00000000000059d0
calls=1 0 
0 16 3 1 3 0 0 3 0 0 2 1
cob=(6) /lib/x86_64-linux-gnu/libgcc_s.so.1
cfi=(6) ???
cfn=(3084) __cpu_indicator_init
calls=1 0 
0 204 26 25 13 2 0 13 1 0 13 3 1 1
cob=(3)
cfi=(3)
cfn=(2960) 0x0000000000021980
calls=1 0 
0 1342 140 59 20 9 2 20 8 2 357 90
cob=(5) /usr/local/lib/valgrind/vgpreload_core-amd64-linux.so
cfi=(5) ???
cfn=(2892) 0x0000000000000610
calls=1 0 
0 17 3 1 3 0 0 3 0 0 2 1
0 36 9 9 0 0 0 0 0 0 0 0 9 9
cob=(7)
cfi=(7)
cfn=(3264) 0x000000000005bbd0
calls=1 0 
0 166 35 40 2 0 2 2 0 1 18 6 4 2
cob=(7)
cfi=(7)
cfn=(3262) 0x000000000005b9a0
calls=1 0 
0 54 2 52 9 1 6 9 1 6
cob=(7)
cfi=(7)
cfn=(3236) 0x000000000005b8e0
calls=1 0 
0 49 25 12 3 13 0 3 3 0 12 2
cob=(7)
cfi=(7)
cfn=(3210) 0x000000000005b820
calls=1 0 
0 49 25 12 3 15 0 3 3 0 12 1
cob=(7)
cfi=(7)
cfn=(3184) 0x000000000005b710
calls=1 0 
0 73 7 38 4 2 4 4 2 4 26 16
cob=(7)
cfi=(7)
cfn=(3182) 0x000000000005b6d0
calls=1 0 
0 6 1 5 1 0 2 1
cob=(7)
cfi=(7)
cfn=(3128) 0x000000000005b6b0
calls=1 0 
0 6792 1952 822 24 67 5 24 11 2 1004 96 15 11
cob=(6)
cfi=(6)
cfn=(3096) 0x0000000000002fe0
calls=1 0 
0 17 3 1 3 0 0 3 0 0 2 1
cob=(3)
cfi=(3)
cfn=(3076) 0x0000000000021be0
calls=1 0 
0 4 3 0 0 0 0 0 0 0 1 1
0 89 43 0 1 1 0 1 0 0 16 7

fn=(3366) _dl_find_dso_for_object
0 53 22 0 4 2 0 4 0 0 21 10

fn=(234)
0 1755 438 134 12 8 2 12 8 2 329 69

fn=(676)
0 1671 514 3 2 0 0 2 0 0 508 36

fn=(1042) 0x0000000000006600
0 90 5 55 2 0 3 2 0 3
cfn=(838)
calls=5 0 
0 40 15 0 1 0 0 1 0 0 15 13
0 25 0 10
cfn=(1050)
calls=5 0 
0 50 5 0 1 0 0 1 0 0 10
0 300 125 10 4 1 0 4 1 0 95 11
cfn=(276)
calls=5 0 
0 2442 414 269 7 5 39 7 5 39 439 135 25
0 1346 187 129 11 0 15 11 0 15 227 44
cfn=(1744)
calls=2 0 
0 16 6 2 1 0 0 1 0 0 2
0 154 66 28 3 0 3 3 0 3 10
cfn=(596)
calls=5 0 
0 30 5 0 0 0 0 0 0 0 5
0 275 80 40 3 0 0 3 0 0 50 14
cfn=(608)
calls=5 0 
0 4842 5 4812 0 0 79 0 0 79 4817 12
0 155 55 5 2 0 0 2 0 0 25 7
cfn=(596)
calls=5 0 
0 30 5 0 0 0 0 0 0 0 5
0 40 10 5 1 0 0 1 0 0 5 4
cfn=(1178)
calls=5 0 
0 25 5 0 1 0 0 1 0 0 5
0 1579 266 177 9 41 29 9 41 29 413 75
cfn=(1282) 0x0000000000019630
calls=2 0 
0 10 2 0 0 0 0 0 0 0 2
0 6 3 3 1 0 0 1
cfn=(1282)
calls=3 0 
0 15 3 0 1 0 0 1 0 0 3
0 75 20 10 1 0 0 1 0 0 15 4
cfn=(102)
calls=5 0 
0 114 33 27 0 7 0 0 7 0 10 1
0 76 35 16 2 0 0 2 0 0 20 2
cfn=(340)
calls=5 0 
0 240 60 50 0 0 1 0 0 1 25 13 10
0 188 60 9 3 0 1 3 0 1 19 3
cfn=(596)
calls=2 0 
0 12 2 0 0 0 0 0 0 0 2
0 22 4 0 2 0 0 2 0 0 7 6

fn=(1372) 0x000000000000d5d0
0 154 66 22 2 0 0 2
cfn=(920) 0x0000000000008c70
calls=11 0 
0 28714 5143 6865 78 115 156 78 115 156 9715 841 36
0 33 22 11

fn=(1432) 0x0000000000019410
0 98 8 6 1 0 0 1 0 0 16 4

fn=(2098)
0 10 2 3 1 0 0 1 0 0 1
cfn=(286)
calls=1 0 
0 43 7 5 0 0 0 0 0 0 4 1 2
0 1 1 0 0 0 0 0 0 0 0 0 1
0 65 16 6 3 3 1 3 1 1 17 8
cfn=(2118)
calls=1 0 
0 107 19 11 6 0 0 6 0 0 11 3
0 1 0 1
cfn=(2142)
calls=1 0 
0 428 25 307 3 0 37 3 0 37 306 11 4
0 16 3 4 2 0 0 2 0 0 2 2

fn=(2214)
0 11767 2587 997 10 320 96 10 291 94 3278 61 19 19
cob=(4)
cfi=(4)
cfn=(2654) sin
calls=1 0 
0 16 5 1 1 0 0 1 0 0 3 0 1
cob=(4)
cfi=(4)
cfn=(2652) __atan2_finite
calls=1 0 
0 16 5 1 1 0 0 1 0 0 3 0 1
cob=(4)
cfi=(4)
cfn=(2650) __asin_finite
calls=1 0 
0 13 5 1 1 0 0 1 0 0 2 0 1
cob=(4)
cfi=(4)
cfn=(2648) floor
calls=1 0 
0 12 5 1 1 0 0 1 0 0 2 1 1
cob=(4)
cfi=(4)
cfn=(2646) floorf
calls=1 0 
0 12 5 1 1 0 0 1 0 0 2 1 1
cob=(4)
cfi=(4)
cfn=(2644) __acos_finite
calls=1 0 
0 13 5 1 1 0 0 1 0 0 2 0 1
cob=(4)
cfi=(4)
cfn=(2642) rintf
calls=1 0 
0 12 5 1 1 0 0 1 0 0 2 1 1
cob=(4)
cfi=(4)
cfn=(2640) __log_finite
calls=1 0 
0 16 5 1 2 0 0 2 0 0 3 0 1
cob=(4)
cfi=(4)
cfn=(2638) __pow_finite
calls=1 0 
0 13 5 1 1 0 0 1 0 0 2 0 1
cob=(4)
cfi=(4)
cfn=(2636) ceil
calls=1 0 
0 12 5 1 2 0 0 2 0 0 2 1 1
cob=(4)
cfi=(4)
cfn=(2634) ceilf
calls=1 0 
0 12 5 1 2 0 0 2 0 0 2 1 1
cob=(4)
cfi=(4)
cfn=(2632) rint
calls=1 0 
0 12 5 1 1 0 0 1 0 0 2 1 1
cob=(4)
cfi=(4)
cfn=(2630) cos
calls=1 0 
0 16 5 1 2 0 0 2 0 0 3 0 1 1
cob=(4)
cfi=(4)
cfn=(2592) __exp_finite
calls=1 0 
0 1801 532 198 14 12 3 14 8 1 298 28 3 3
cob=(3)
cfi=(3)
cfn=(2560) memcpy
calls=1 0 
0 13 4 0 2 0 0 2 0 0 2
cob=(3)
cfi=(3)
cfn=(2558) gettimeofday
calls=1 0 
0 68 8 5 2 0 0 2 0 0 6 4
cob=(3)
cfi=(3)
cfn=(2556) strncasecmp
calls=1 0 
0 11 5 0 2 0 0 2 0 0 4 3
cob=(3)
cfi=(3)
cfn=(2550) time
calls=1 0 
0 68 8 5 5 3 0 5 1 0 6 4
cob=(3)
cfi=(3)
cfn=(2524) strcasecmp
calls=1 0 
0 71 9 15 9 1 1 9 1 1 13 5
0 126268 29080 11299 10 3115 370 10 2258 357 20922 643
cfn=(2290)
calls=1220 0 
0 1766232 414998 153303 52 3774 15 51 1794 1 245156 11533 111 4
0 55368 15859 4686 11 313 674 11 287 345 8953 33 2229 15
cfn=(1178)
calls=4 0 
0 20 4 0 0 0 0 0 0 0 4
0 236 50 34 6 4 0 6 1 0 45 9
cfn=(2290)
calls=5 0 
0 5703 1589 694 1 46 0 1 1 0 841 75
0 22059 3016 2009 5 3 1 5 2 1 2011 9 5 1

fn=(160)
0 1902 213 0 5 4 0 5 4 0 503 114

fn=(700)
0 604 78 0 6 6 0 6 6 0 46 14

fn=(838)
0 65 22 4 3 1 0 3 0 0 21 18

fn=(906)
0 156 12 132 1 0 4 1 0 4 0 0 12 1
cfn=(908) 0x0000000000001320
calls=12 0 
0 24 12
0 96 12 48 1 0 0 1
cfn=(912)
calls=12 0 
0 228 60 96 2 0 1 2 0 1
0 72 24 12 0 0 0 0 0 0 12 0 12 2
cfn=(1372)
calls=11 0 
0 28901 5231 6898 80 115 156 80 115 156 9715 841 36
cfn=(918) 0x00000000000014a0
calls=1 0 
0 2300 473 255 74 17 30 74 17 30 423 126 9
0 156 84 48 1 0 0 1

fn=(918)
0 9 3 2 1 0 0 1
cfn=(920)
calls=1 0 
0 2288 468 252 72 17 30 72 17 30 423 126 9
0 3 2 1 1 0 0 1

fn=(932) 0x00000000000111c0
0 2233 319 957 1 0 2 1 0 1
cfn=(410)
calls=319 0 
0 2240 959 0 0 32 0 0 0 0 321 46
0 3867 970 333 1 21 0 1 0 0 956 35
cfn=(410)
calls=333 0 
0 6925 2303 0 0 12 0 0 0 0 1652 262
0 2580 957 0 0 0 0 0 0 0 333 13

fn=(994) 0x00000000000194f0
0 25 5 0 0 0 0 0 0 0 5

fn=(1282)
0 30 6 0 1 0 0 1 0 0 6

fn=(1968)
0 11 1 7 1 0 0 1 0 0 0 0 1 1
cfn=(908)
calls=1 0 
0 2 1
0 7 2 3 0 0 0 0 0 0 0 0 1 1
cfn=(1972)
calls=1 0 
0 11119 3531 919 21 66 40 21 64 39 2171 234 18
0 10 7 2 1 0 0 1

fn=(2600) 0x00000000000164e0
0 33 6 24 2 0 0 2
cfn=(2602) 0x000000000000f460
calls=3 0 
0 4837 1417 539 6 41 6 6 12 1 774 70
0 30 21 0 1 0 0 1 0 0 0 0 3 3
cob=(3)
cfi=(3)
cfn=(3294) (below main)
calls=1 0 
0 170825 39040 23723 502 1707 428 487 944 314 33701 3975 745 189
cob=(7)
cfi=(7)
cfn=(3136) std::future_category()
calls=1 0 
0 5448 1569 657 21 48 2 21 10 2 816 74 12 8
cob=(3)
cfi=(3)
cfn=(2628) __get_cpu_features
calls=1 0 
0 5 2 0 1 0 0 1 0 0 1

fn=(2601) 0x00000000000164e0'2
0 385 70 280
cfn=(2602)
calls=35 0 
0 50292 15772 6337 11 475 26 10 43 7 8210 666 5 5
0 350 245 0 0 0 0 0 0 0 0 0 35 33
cob=(7)
cfi=(7)
cfn=(4394) std::error_category::~error_category()
calls=1 0 
0 4 2 1 1 1 0 1
cob=(3)
cfi=(3)
cfn=(4358) __cxa_finalize
calls=4 0 
0 1703 467 191 11 20 2 11 0 0 263 38 8 6
cfn=(4226) __tls_get_addr
calls=1 0 
0 11 7 0 1 3 0 1 0 0 2 1
cob=(3)
cfi=(3)
cfn=(3782) close
calls=1 0 
0 7 2 0 0 0 0 0 0 0 2
cob=(3)
cfi=(3)
cfn=(4174) munmap
calls=1 0 
0 5 1 0 0 0 0 0 0 0 1
cob=(3)
cfi=(3)
cfn=(4112) printf
calls=1 0 
0 1657 371 170 60 19 2 60 7 1 445 81 9 7
cob=(3)
cfi=(3)
cfn=(4106) msync
calls=1 0 
0 7 2 0 1 0 0 1 0 0 2
cob=(3)
cfi=(3)
cfn=(4060) read
calls=1 0 
0 7 2 0 1 1 0 1 0 0 2
cob=(3)
cfi=(3)
cfn=(4054) memset
calls=1 0 
0 1808 1 1028 4 0 240 4 0 213 257 8
cob=(3)
cfi=(3)
cfn=(3558) mmap
calls=1 0 
0 6 1 0 0 0 0 0 0 0 1
cob=(3)
cfi=(3)
cfn=(3556) __fxstat
calls=1 0 
0 10 1 0 0 0 0 0 0 0 2
cob=(3)
cfi=(3)
cfn=(4032) open
calls=1 0 
0 7 2 0 1 0 0 1 0 0 2
cob=(3)
cfi=(3)
cfn=(3834) 0x0000000000098a50
calls=1 0 
0 16 3 2 2 0 1 2 0 1 3
cob=(3)
cfi=(3)
cfn=(3544) strlen
calls=1 0 
0 34 5 0 0 0 0 0 0 0 3 1
cob=(3)
cfi=(3)
cfn=(3798) 0x00000000000a0430
calls=1 0 
0 53 6 2 9 1 0 9 1 0 5 2 1 1
cob=(3)
cfi=(3)
cfn=(3722) free
calls=1 0 
0 117 30 12 17 0 0 17 0 0 30 11
cob=(3)
cfi=(3)
cfn=(3716) closedir
calls=1 0 
0 1263 418 192 18 8 0 18 0 0 207 29 3 2
cob=(3)
cfi=(3)
cfn=(3702) 0x000000000009d610
calls=1 0 
0 20 5 1 6 1 0 6 1 0 2 2 1 1
cob=(3)
cfi=(3)
cfn=(3688) __errno_location
calls=1 0 
0 3 3 0 1 0 0 1
cob=(3)
cfi=(3)
cfn=(3656) readdir
calls=1 0 
0 1012 185 136 10 7 0 10 6 0 116 35
cob=(3)
cfi=(3)
cfn=(3620) opendir
calls=1 0 
0 1299 373 188 9 20 3 9 0 1 204 43 3 2
cob=(3)
cfi=(3)
cfn=(3576) putchar
calls=1 0 
0 178 54 30 4 0 0 4 0 0 32 17 2
cob=(3)
cfi=(3)
cfn=(3542) puts
calls=1 0 
0 2515 716 334 46 11 1 46 4 0 533 35 48 7
cob=(3)
cfi=(3)
cfn=(3524) 0x000000000009ec20
calls=1 0 
0 25 5 2 4 1 0 4 1 0 2 1 1 1
cfn=(3366)
calls=1 0 
0 53 22 0 4 2 0 4 0 0 21 10
cob=(3)
cfi=(3)
cfn=(3348) malloc
calls=2 0 
0 59856 14504 613 73 1116 44 72 860 37 13484 2043 8 8
cob=(3)
cfi=(3)
cfn=(3330) 0x00000000000a1cb0
calls=1 0 
0 46 8 0 5 1 0 5 1 0 5 2
cob=(3)
cfi=(3)
cfn=(3160) __cxa_atexit
calls=1 0 
0 60 13 16 8 3 2 8 1 2 8 4
cob=(7)
cfi=(7)
cfn=(3154) __cxa_guard_release
calls=1 0 
0 5 2 2 2 0 0 2 0 0 1 1
cob=(7)
cfi=(7)
cfn=(3148) std::error_category::error_category()
calls=1 0 
0 4 2 1 1 1 0 1
cob=(7)
cfi=(7)
cfn=(3142) __cxa_guard_acquire
calls=1 0 
0 26 10 6 3 1 0 3 0 0 4 2

fn=(2602)
0 2080 718 304 5 134 0 5 5 0 152 23
cfn=(2290)
calls=38 0 
0 51933 16038 6491 1 378 32 0 50 8 8595 668
0 1071 418 81 3 1 0 3 0 0 228 39 5 5
cob=(3)
cfi=(3)
cfn=(2560)
calls=1 0 
0 7 3 0 2 0 0 2 0 0 2 1
cob=(3)
cfi=(3)
cfn=(3796) strcat
calls=1 0 
0 6 3 0 2 0 0 2 0 0 2 2
cob=(3)
cfi=(3)
cfn=(3700) strcpy
calls=1 0 
0 6 3 0 1 0 0 1 0 0 2 1
cob=(3)
cfi=(3)
cfn=(3522) stpcpy
calls=1 0 
0 6 3 0 2 2 0 2 0 0 2 2
cob=(3)
cfi=(3)
cfn=(3326) strstr
calls=1 0 
0 10 3 0 1 1 0 1 0 0 1
0 10

fn=(2834)
0 1 1 0 1 0 0 1

fn=(2) 0x0000000000004a70
0 265 38 36 10 9 11 10 9 11 61 16
cfn=(102)
calls=1 0 
0 25 7 6 3 1 1 3 1 1 2
0 17 0 7 1 0 1 1 0 1
cfn=(110)
calls=1 0 
0 2044951 479672 183290 597 7907 1499 596 4920 1133 296862 14183 2536 70
0 513 121 29 14 19 7 12 17 6 75 12 9 1

fn=(286)
0 136 0 0 1 0 0 1 0 0 17
cfn=(290)
calls=17 0 
0 604 106 88 4 3 0 4 0 0 53 10 17 1
0 17 17 0 0 0 0 0 0 0 0 0 17 2

fn=(290)
0 129 0 0 1 0 0 1
cfn=(294)
calls=43 0 
0 1379 231 224 5 3 0 5 0 0 137 29
0 43 43 0 0 0 0 0 0 0 0 0 43 1

fn=(502)
0 14 2 7 1 0 0 1
cfn=(504)
calls=1 0 
0 351 51 56 23 1 5 23 1 5 51 25 2
0 3 0 2 1 0 0 1
cfn=(290)
calls=1 0 
0 34 6 5 0 0 0 0 0 0 3 1 1
0 1 1 0 0 0 0 0 0 0 0 0 1
0 16 1 4 1 0 0 1 0 0 1
cfn=(290)
calls=1 0 
0 55 10 7 2 0 0 2 0 0 5 1 1
0 1 1 0 0 0 0 0 0 0 0 0 1
0 48 5 21 2 0 1 2 0 1 2
cfn=(608)
calls=4 0 
0 88 4 64 1 0 1 1 0 1 68 24
0 96 25 22 6 2 5 6 2 5 12 2
cfn=(700)
calls=1 0 
0 47 6 0 0 0 0 0 0 0 3 2
0 4 0 1 0 0 0 0 0 0 1
cfn=(160)
calls=1 0 
0 76 9 0 0 0 0 0 0 0 20 4
0 8 0 1 1 0 0 1
cfn=(300)
calls=1 0 
0 40 7 6 0 0 0 0 0 0 7
0 248 31 1 1 0 0 1 0 0 31 10
cfn=(290)
calls=1 0 
0 34 6 5 0 0 0 0 0 0 3 1 1
0 1 1 0 0 0 0 0 0 0 0 0 1
0 11 1 3 0 0 0 0 0 0 1
cfn=(674)
calls=1 0 
0 1021 244 70 2 0 2 2 0 2 238 32 5
0 23 13 3 3 0 0 3 0 0 2
cfn=(630)
calls=1 0 
0 1266 245 102 30 2 4 30 2 4 233 59 10 1
0 2 0 1

fn=(920)
0 969 178 152 3 1 4 3 1 4 246 14
cfn=(932)
calls=56 0 
0 3547 1089 236 2 0 1 2 0 1 680 107
0 275 94 15 2 0 1 2 0 1 66 6
cfn=(700)
calls=5 0 
0 115 15 0 0 0 0 0 0 0 10
0 16 0 1 0 0 0 0 0 0 6 2
cfn=(698)
calls=1 0 
0 253 36 22 0 0 1 0 0 1 40 13 2
0 11 0 2 1 0 0 1 0 0 1
cfn=(980) 0x00000000000055b0
calls=1 0 
0 318 70 28 9 5 3 9 5 3 60 11
0 98 20 25 1 0 0 1 0 0 6
cfn=(1042)
calls=5 0 
0 12197 1476 5657 56 54 170 56 54 170 6226 344 35
0 13 0 4 2 0 0 2
cfn=(160)
calls=4 0 
0 255 35 0 0 0 0 0 0 0 79 23
0 80 12 20 2 0 0 2 0 0 12 4
cfn=(1392) 0x0000000000006020
calls=4 0 
0 1507 362 244 0 0 0 0 0 0 234 41
0 132 32 20 5 0 0 5 0 0 28 8
cfn=(1484)
calls=4 0 
0 5664 886 124 29 68 1 29 68 1 1410 133
0 68 16 8 2 0 0 2 0 0 16
cfn=(1412) 0x0000000000005b20
calls=4 0 
0 1954 430 158 11 0 0 11 0 0 352 64
0 24 0 12 0 0 0 0 0 0 4
cfn=(160)
calls=4 0 
0 351 42 0 0 1 0 0 1 0 96 23
0 12 0 4
cfn=(290)
calls=4 0 
0 136 24 20 0 0 0 0 0 0 12 1 4
0 4 4 0 0 0 0 0 0 0 0 0 4
0 28 8 4 1 0 0 1 0 0 4
cfn=(300)
calls=4 0 
0 328 49 45 0 0 2 0 0 2 65 30
0 120 20 44 3 0 0 3 0 0 4 4
cfn=(1392)
calls=4 0 
0 1491 358 240 18 0 3 18 0 3 234 64
0 343 145 32 3 0 0 3 0 0 65 34
cfn=(410)
calls=28 0 
0 637 210 0 0 3 0 0 3 0 154 36
0 56 0 0 0 0 0 0 0 0 28 5

fn=(980)
0 19 2 9 2 0 1 2 0 1 1
cfn=(984) 0x00000000000194d0
calls=1 0 
0 5 1 0 1 0 0 1 0 0 1
0 12 1 4 1 0 1 1 0 1 1
cfn=(994)
calls=1 0 
0 5 1 0 0 0 0 0 0 0 1
0 14 1 2 1 0 0 1 0 0 3
cfn=(234)
calls=1 0 
0 88 23 6 0 1 1 0 1 1 18 4
0 9 1 1 1 0 0 1 0 0 2
cfn=(234)
calls=1 0 
0 80 21 6 0 0 0 0 0 0 16 1
0 86 19 0 3 4 0 3 4 0 17 6

fn=(984)
0 156 20 14 1 0 0 1 0 0 20 8

fn=(1560)
0 4122 614 0 4 35 0 4 35 0 1131 77

fn=(1974)
0 61 7 11 2 0 0 2 0 0 8
cfn=(1982) 0x0000000000011640
calls=7 0 
0 10992 3508 906 17 66 40 17 64 39 2155 228 18
0 56 12 0 1 0 0 1 0 0 7 5

fn=(2004) 0x00000000000112a0
0 1949 681 189 4 24 0 4 23 0 576 28
cfn=(410)
calls=21 0 
0 1673 487 0 0 11 0 0 11 0 466 31
0 210 147 0 0 0 0 0 0 0 21

fn=(2336) 0x0000000000009d70
0 139610 41466 38269 3 272 12 3 140 1 20413 1894
cfn=(410)
calls=3026 0 
0 44508 15714 0 0 55 0 0 33 0 9712 279
0 81661 51202 1241 3 49 0 2 12 0 6755 16
cfn=(410)
calls=1241 0 
0 107692 31301 0 0 36 0 0 5 0 30060 1271
0 20167 0 0 1 0 0 1 0 0 4778 4

fn=(2844)
0 7 2 1 1 2 0 1 0 0 1 1
cfn=(2848) 0x0000000000019680
calls=1 0 
0 5 1 0 0 0 0 0 0 0 1
0 3 1 1

fn=(300)
0 976 147 122 6 0 14 6 0 14 229 101

fn=(864)
0 2 2 0 1 0 0 1

fn=(2582)
0 40 16 10 3 5 2 3 0 0 2

fn=(2848)
0 5 1 0 0 0 0 0 0 0 1

fn=(4226)
0 11 7 0 1 3 0 1 0 0 2 1

fn=(0) 0x00000000000012d0
0 2 0 1 1 0 1 1 0 1
cfn=(2)
calls=1 0 
0 2045771 479838 183368 625 7936 1519 622 4947 1152 297000 14211 2545 71
0 14 3 2 1
cfn=(2866) 0x00000000000101b0
calls=1 0 
0 9552 2438 1170 116 150 27 115 29 18 1538 248 39 33
0 3 0 0 0 0 0 0 0 0 0 0 1 1
cob=(8) /home/kordax/Projects/litedet/build-release/litedet
cfi=(8) ???
cfn=(3286) 0x000000000040108d
calls=1 0 
0 172627 39585 23935 505 1723 429 490 947 314 33992 3995 748 192

fn=(352) 0x0000000000001340
0 104 52 52 1 0 1

fn=(778)
0 30 15 5 2 0 0 1 0 0 5

fn=(1392)
0 336 64 144 4 0 1 4 0 1 16
cfn=(540)
calls=8 0 
0 304 52 44 0 0 1 0 0 1 56 9
0 350 102 22 3 0 0 3 0 0 72 14
cfn=(540)
calls=14 0 
0 254 28 14 0 0 0 0 0 0 84 37
0 56 28 14
cfn=(540)
calls=14 0 
0 394 60 46 0 0 0 0 0 0 84 15
0 140 70 14 1 0 0 1 0 0 14
cfn=(1412)
calls=14 0 
0 546 140 140 4 0 1 4 0 1 42 12
0 242 70 16 2 0 0 2 0 0 36 4
cfn=(1432)
calls=8 0 
0 98 8 6 1 0 0 1 0 0 16 4
0 278 98 24 3 0 0 3 0 0 48 10

fn=(1982)
0 542 127 134 4 4 0 4 4 0 66 7
cfn=(932)
calls=47 0 
0 3006 915 190 0 0 0 0 0 0 590 70
0 450 201 6 1 8 0 1 8 0 76 8
cfn=(2004)
calls=3 0 
0 677 236 27 4 15 0 4 15 0 200 14
0 54 18 36
cfn=(2004)
calls=18 0 
0 3155 1079 162 0 20 0 0 19 0 863 45
0 902 232 9 4 18 0 4 18 0 118 42
cfn=(286)
calls=6 0 
0 258 42 30 0 0 0 0 0 0 24 2 12
0 6 6 0 0 0 0 0 0 0 0 0 6
0 1942 652 312 4 1 40 4 0 39 218 40

fn=(102)
0 153 45 36 3 9 1 3 9 1 14 2

fn=(146)
0 12 1 1 1 0 1 1 0 1 2

fn=(200)
0 318 109 2 2 25 0 2 25 0 103 17

fn=(340)
0 54 12 24 2 0 0 2 0 0 0 0 6 1
cfn=(342)
calls=6 0 
0 12 6 6 1 0 1 1 0 1
0 208 50 29 1 0 1 1 0 1 26 13 6 1

fn=(410)
0 163682 50977 0 1 151 0 1 54 0 42366 1926

fn=(466)
0 21 8 7 2 0 1 2 0 1 1 1
cfn=(470)
calls=1 0 
0 5 1 0 1 0 0 1 0 0 1
0 67 7 0 2 1 0 2 1 0 14 6

fn=(540)
0 1299 195 148 5 2 9 5 1 9 309 103

fn=(674)
0 38 0 26 1 0 0 1
cfn=(676)
calls=2 0 
0 792 236 2 2 0 0 2 0 0 234 27
0 14 2 2 1 0 0 1 0 0 2
cfn=(698)
calls=2 0 
0 409 59 37 8 1 1 8 1 1 56 13 4
0 6 0 2
cfn=(160)
calls=2 0 
0 111 10 0 0 0 0 0 0 0 26 4
0 24 5 1 2 0 0 2 0 0 8 1
cfn=(160)
calls=1 0 
0 16 2 0 0 0 0 0 0 0 3 3
0 11 2 5 1 0 0 1
cfn=(290)
calls=1 0 
0 34 6 5 0 0 0 0 0 0 3 1 1
0 1 1 0 0 0 0 0 0 0 0 0 1
0 9 2 4
cfn=(290)
calls=1 0 
0 34 6 5 0 0 0 0 0 0 3 1 1
0 1 1 0 0 0 0 0 0 0 0 0 1
0 22 4 6 1 0 2 1 0 2 2
cfn=(540)
calls=2 0 
0 76 13 11 0 0 2 0 0 2 14 1
0 82 13 13 3 0 0 3 0 0 16 5
cfn=(300)
calls=1 0 
0 18 2 1 0 0 0 0 0 0 6 4
0 9 1 5
cfn=(778)
calls=1 0 
0 6 3 1 1 0 0 1 0 0 1
0 1 1 0 1 0 0 1 0 0 0 0 1 1
0 8 1 4
cfn=(778)
calls=1 0 
0 6 3 1 0 0 0 0 0 0 1
0 1 1 0 0 0 0 0 0 0 0 0 1
0 6 4 2 1 0 0 1
cfn=(676)
calls=2 0 
0 12 6 0 0 0 0 0 0 0 4 2
0 103 36 8 4 0 0 4 0 0 24 10

fn=(904)
0 17 1 8 1 0 0 1
cfn=(906)
calls=1 0 
0 2361 490 283 79 17 31 79 17 31 424 126 11 2
0 11 6 0 1 0 0 1 0 0 1 1

fn=(908)
0 26 13

fn=(1412)
0 324 36 144 2 0 1 2 0 1 18
cfn=(984)
calls=18 0 
0 146 18 14 0 0 0 0 0 0 18 8
0 90 4 30 1 0 0 1 0 0 18 4
cfn=(994)
calls=4 0 
0 20 4 0 0 0 0 0 0 0 4
0 56 4 8 1 0 0 1 0 0 12 1
cfn=(234)
calls=4 0 
0 352 92 24 0 0 0 0 0 0 72 5
0 36 4 4 0 0 0 0 0 0 8
cfn=(234)
calls=4 0 
0 320 84 24 0 0 0 0 0 0 64 4
0 456 74 2 4 0 0 4 0 0 94 21
cfn=(234)
calls=2 0 
0 146 24 12 0 0 0 0 0 0 20 14
0 16 0 4 1 0 0 1
cfn=(234)
calls=4 0 
0 320 84 32 3 0 0 3 0 0 52 16
0 218 142 0 3 0 0 3 0 0 14 3

fn=(1490)
0 11 0 5 2 0 0 2
cfn=(984)
calls=1 0 
0 5 1 0 0 0 0 0 0 0 1
0 7 0 1 0 0 0 0 0 0 1
cfn=(1050)
calls=1 0 
0 10 1 0 0 0 0 0 0 0 2
0 8 1 2 0 0 1 0 0 1 2 1
cfn=(1282)
calls=1 0 
0 5 1 0 0 0 0 0 0 0 1
0 13 5 1 1 0 0 1
cfn=(596)
calls=1 0 
0 6 1 0 0 0 0 0 0 0 1
0 2

fn=(2306)
0 186526 69799 33486 7 772 11 7 106 3 36065 1716
cfn=(932)
calls=216 0 
0 11292 3504 864 0 65 1 0 0 0 1992 179
0 38582 14233 3829 4 5 0 4 0 0 6034 333 50 1
cfn=(342)
calls=50 0 
0 100 50 50 0 0 2 0 0 1
0 3191 594 199 3 44 0 3 27 0 427 129
cfn=(2710)
calls=2 0 
0 144 14 0 1 2 0 1 1 0 20 7
0 8 0 2 1 0 0 1
cfn=(286)
calls=2 0 
0 107 18 12 0 2 0 0 0 0 10 0 4
0 2 2 0 0 2 0 0 0 0 0 0 2
0 2384 393 284 2 76 0 2 57 0 284 82 2 1
cfn=(778)
calls=2 0 
0 12 6 2 1 0 0 0 0 0 2
0 462 302 108 2 2 0 2 0 0 50 9 50 1
cfn=(352)
calls=50 0 
0 100 50 50
0 2471 422 201 4 3 0 4 2 0 244 90
cfn=(286)
calls=1 0 
0 43 7 5 0 1 0 0 0 0 4 1 2 1
0 1 1 0 0 1 0 0 0 0 0 0 1
0 132395 40145 41609 4 32 5 4 5 1 11566 2083
cfn=(2336)
calls=6513 0 
0 219836 81067 32004 4 86 12 4 19 1 30646 2074
0 549493 79351 9964 7 1549 0 7 416 0 62233 2829
cfn=(2336)
calls=1243 0 
0 173802 58616 7506 3 326 0 2 171 0 41072 1390
0 6215 3729 0 0 0 0 0 0 0 1243 4

fn=(2866)
0 103 25 12 2 1 0 2 0 0 17 5
cfn=(2872)
calls=6 0 
0 9352 2381 1147 105 147 26 105 29 18 1510 242 37 31
0 17 8 1 2 0 0 2 0 0 1
cfn=(2872)
calls=1 0 
0 78 24 9 7 2 1 6 0 0 10 1 2 2
0 2 0 1

fn=(4238) 0x0000000000010560
0 23 2 11 3 2 0 3 0 0 1 0 1 1
cfn=(342)
calls=1 0 
0 2 1 1
0 128 39 31 3 1 5 3 0 0 26 6
cfn=(4264) 0x00000000000102d0
calls=1 0 
0 669 155 79 7 7 0 6 0 0 176 39
0 2 1 1 1 0 0 1 0 0 0 0 1 1
cfn=(352)
calls=1 0 
0 2 1 1 1
0 137 51 12 1 15 0 1 0 0 30 5 5 5
cob=(6)
cfi=(6)
cfn=(4430) 0x0000000000002fa0
calls=1 0 
0 1716 520 199 5 17 0 2 0 0 289 15 3 2
cob=(4)
cfi=(4)
cfn=(4410) 0x0000000000005990
calls=1 0 
0 1716 520 199 4 15 0 3 0 0 289 22 3 2
cob=(7)
cfi=(7)
cfn=(4378) 0x000000000005bcc0
calls=1 0 
0 3115 907 362 8 33 2 6 0 0 484 45 11 7
cob=(5)
cfi=(5)
cfn=(4342) 0x00000000000005d0
calls=1 0 
0 1277 378 158 13 23 0 10 0 0 205 37 3 3
cob=(8)
cfi=(8)
cfn=(4316) 0x0000000000401140
calls=1 0 
0 16 5 4 1 0 0 1 0 0 2 1
0 45 15 5 1 6 0 1 0 0 10 0 5 5
cob=(2)
cfi=(2)
cfn=(4450) 0x0000000005242998
calls=1 0 
0 3 1 0 1 0 0 1
cob=(2)
cfi=(2)
cfn=(4428) 0x0000000004f9e1b8
calls=1 0 
0 3 1 0 2 0 0 2
cob=(2)
cfi=(2)
cfn=(4408) 0x0000000004ce499c
calls=1 0 
0 3 1 0 1 0 0 1
cob=(2)
cfi=(2)
cfn=(4376) 0x0000000004a25778
calls=1 0 
0 3 1 0 2 0 0 2
cob=(2)
cfi=(2)
cfn=(4332) 0x0000000000401cd4
calls=1 0 
0 3 1
0 93 33 9 4 3 0 4 0 0 27 8

fn=(4264)
0 27 0 13 2 0 0 2 0 0 1
cfn=(608)
calls=1 0 
0 20 1 14 1 0 0 0 0 0 15 4
0 59 13 16 1 0 0 1 0 0 1 1
cfn=(608)
calls=5 0 
0 60 5 30 0 0 0 0 0 0 35 6
0 503 136 6 3 7 0 3 0 0 124 28

ob=(5)
fl=(5)
fn=(4342)
0 8 3 2 1 2 0 0 0 0 2 1
cob=(1)
cfi=(1)
cfn=(2601)
calls=1 0 
0 1251 368 151 9 20 0 8 0 0 202 35 1 1
0 5 3 2 1 1 0 1 0 0 0 0 2 2
0 1 0 1
cfn=(4370) 0x0000000000000540
calls=1 0 
0 9 2 1 1 0 0 1 0 0 1 1
0 3 2 1 1

fn=(2892)
0 17 3 1 3 0 0 3 0 0 2 1

fn=(4370)
0 9 2 1 1 0 0 1 0 0 1 1

ob=(2)
fl=(2)
fn=(3080)
0 6 2 0 1 1 0 1 0 0 1 1

fn=(3298) 0x0000000000400b48
0 6 2 0 0 0 0 0 0 0 1 1

fn=(4332)
0 3 1

fn=(4408)
0 3 1 0 1 0 0 1

fn=(2882)
0 6 2 0 1 0 0 0 0 0 1

fn=(3104)
0 6 2 0 0 1 0 0 0 0 1 1

fn=(3116)
0 6 2 0 1 1 0 1 0 0 1 1

fn=(4450)
0 3 1 0 1 0 0 1

fn=(4376)
0 3 1 0 2 0 0 2

fn=(4428)
0 3 1 0 2 0 0 2

ob=(3)
fl=(3)
fn=(2556)
0 11 5 0 2 0 0 2 0 0 4 3

fn=(3076)
0 4 3 0 0 0 0 0 0 0 1 1

fn=(3552) _IO_file_doallocate
0 11 3 4 2 1 0 2 0 0 1 0 1 1
cfn=(3554) _IO_file_stat
calls=1 0 
0 14 2 0 2 0 0 2 0 0 2
0 15 1 1 1 0 0 1 0 0 2 1
cfn=(3558)
calls=1 0 
0 6 1 0 1 0 0 1 0 0 1
0 7 0 1 0 0 0 0 0 0 1
cfn=(3560) _IO_setb
calls=1 0 
0 21 5 5 1 0 0 1 0 0 1 1
0 20 6 1 2 0 0 2 0 0 2 1

fn=(3700)
0 6 3 0 1 0 0 1 0 0 2 1

fn=(3834)
0 232 47 34 2 0 4 2 0 4 43 5

fn=(4358)
0 174 35 30 2 0 0 2 0 0 39 13 3 3
cob=(7)
cfi=(7)
cfn=(4398) 0x00000000000b0b70
calls=1 0 
0 8 3 2 1 0 0 1 0 0 0 0 1
cob=(7)
cfi=(7)
cfn=(4396) 0x00000000000b1860
calls=1 0 
0 8 3 2 0 0 1 0 0 0 0 0 1 1
cob=(7)
cfi=(7)
cfn=(4388) 0x00000000000b1850
calls=1 0 
0 1338 363 153 3 16 1 3 0 0 186 17 3 2
0 175 63 4 5 4 0 5 0 0 38 8

fn=(4478) 0x000000000007cc20
0 8 1 5 1 0 0 1
cfn=(4480) 0x000000000007c990
calls=1 0 
0 88 25 12 8 8 0 8 4 0 22 12
0 50 14 4 2 0 0 2 0 0 13 4 1 1
cfn=(4534) _IO_file_setbuf
calls=1 0 
0 66 17 24 7 0 0 7 0 0 7 3 1 1
0 43 13 11 4 0 0 4 0 0 8 4

fn=(2550)
0 55 4 5 2 1 0 2 1 0 5 3
cfn=(2552) 0x00000000001373a0
calls=1 0 
0 7 3 0 2 2 0 2 0 0 1 1
0 6 1 0 1 0 0 1

fn=(2966) 0x00000000000a24a0
0 44 0 20 2 0 0 2 0 0 2 1
cfn=(2976) 0x00000000000a2150
calls=2 0 
0 652 64 6 5 6 0 5 6 0 204 35
0 14 0 2 1 0 0 1 0 0 2
cfn=(2976)
calls=2 0 
0 325 36 6 0 2 0 0 2 0 94 31
0 9 0 1 0 0 0 0 0 0 2 1
cfn=(2976)
calls=1 0 
0 20 4 3 0 0 0 0 0 0 2 1
0 7 1 1 0 0 0 0 0 0 1
cfn=(2976)
calls=1 0 
0 89 12 3 2 0 0 2 0 0 23 11
0 38 14 4 2 0 0 2 0 0 3

fn=(3354) 0x0000000000084250
0 24 3 13 3 2 3 3 0 2 1 1
cfn=(3376) 0x0000000000108e20
calls=1 0 
0 9 3 2 2 2 0 2 1 0 2 1
0 317 107 2 3 35 1 3 1 0 100 20
cfn=(3358) _dl_addr
calls=1 0 
0 58098 14265 239 16 1059 3 15 851 0 13158 1972 5 5
0 16 7 0 0 1 0 0 0 0 7 4

fn=(3468) __default_morecore
0 6 0 3 1 0 0 1
cfn=(3470) sbrk
calls=3 0 
0 110 27 15 3 4 0 3 1 0 21 4
0 18 3

fn=(3658) 0x00000000000bde20
0 432 24 132 2 2 0 2 2 0 48 10
cfn=(3544)
calls=12 0 
0 192 24 0 0 1 0 0 1 0 24
0 165 66 33 0 3 0 0 3
cfn=(3544)
calls=33 0 
0 528 66 0 0 5 0 0 5 0 66 2
0 180 0 45
cfn=(3668) 0x000000000008ce20
calls=45 0 
0 2065 377 332 3 0 0 3 0 0 287 51
0 393 189 45 1 0 0 1 0 0 45 17

fn=(4112)
0 114 12 60 4 2 0 4 0 0 6 5
cfn=(4114) vfprintf
calls=6 0 
0 10408 2247 1021 88 30 4 88 15 1 2551 309 60 13
0 12 6

fn=(2944) 0x00000000000fad80
0 12 1 3 1 0 0 1 0 0 2 2
cfn=(2950) rindex
calls=1 0 
0 54 5 0 4 2 0 4 0 0 4 1
0 12 6 2 1 1 1 1

fn=(3312) __sigsetjmp
0 27 6 10 3 0 0 3 0 0 1 1

fn=(3348)
0 1016 242 194 1 1 0 1 0 0 193 17
cfn=(3404) 0x0000000000080700
calls=48 0 
0 9358 1164 1608 31 4 44 31 0 43 1498 265 1
0 968 246 51 4 1 0 4 1 0 287 29 1 1
cfn=(3354)
calls=1 0 
0 58464 14385 256 24 1099 7 23 853 2 13268 1998 5 5
0 3 1
cfn=(3349) malloc'2
calls=1 0 
0 1190 85 322 43 15 36 43 6 34 190 30 2 2

fn=(3349)
0 21 5 4 1 3 0 1 0 0 4 1
cfn=(3404)
calls=1 0 
0 1149 75 317 41 12 36 41 6 34 180 28 2 2
0 20 5 1 1 0 0 1 0 0 6 1

fn=(3544)
0 1230 165 0 3 10 0 3 10 0 135 12

fn=(3562) _IO_do_write
0 235 55 54 3 1 0 3 0 0 31 13 10 1
cfn=(3568) _IO_file_write
calls=10 0 
0 430 100 50 4 0 0 4 0 0 70 8
0 260 90 60 2 0 0 2 0 0 30 4

fn=(3656)
0 1584 468 399 3 1 0 3 0 0 216 39
cfn=(3658)
calls=24 0 
0 3955 746 587 6 11 0 6 11 0 470 80
0 771 342 81 1 0 0 1 0 0 150 19

fn=(4168) strnlen
0 86 12 4 4 0 0 4 0 0 8 4

fn=(4216) exit
0 4 0 1 1 0 0 1
cfn=(4218) 0x000000000003c070
calls=1 0 
0 11004 3241 1345 90 179 7 79 4 0 1886 232 39 33

fn=(2524)
0 3 1 1 1 1 0 1 1 0 1
cfn=(2526) 0x0000000000022100
calls=1 0 
0 59 4 14 7 0 1 7 0 1 9 3
0 9 4 0 1 0 0 1 0 0 3 2

fn=(3404)
0 2147 475 345 6 3 3 6 2 2 277 48
cfn=(3416) 0x000000000007f240
calls=1 0 
0 793 9 263 4 0 33 4 0 32 129 10
0 7110 610 1249 40 8 42 40 2 41 1173 221 2 1
cfn=(3468)
calls=2 0 
0 108 22 14 4 3 0 4 1 0 18 3
0 72 20 6 5 1 0 5 1 0 13 6 1 1
cfn=(3468)
calls=1 0 
0 26 8 4 0 1 0 0 0 0 3 1
0 33 4 5 7 0 1 7 0 1 5 3
cfn=(3558)
calls=1 0 
0 6 1 0 0 0 0 0 0 0 1
0 212 90 39 6 0 1 6 0 1 59 1

fn=(3522)
0 6 3 0 2 2 0 2 0 0 2 2

fn=(3542)
0 10 0 8 1 0 0 1
cfn=(3544)
calls=2 0 
0 68 10 0 3 4 0 3 4 0 6 2
0 51 22 8 3 6 0 3 2 0 10 3 1 1
cfn=(3546) _IO_file_xsputn
calls=1 0 
0 2281 651 299 27 3 1 27 0 0 495 19 45 4
0 4 2 1 0 0 0 0 0 0 0 0 1
cfn=(3546)
calls=1 0 
0 2573 715 299 0 0 0 0 0 0 609 13 46
0 56 20 8 3 0 0 2 0 0 13 5
cfn=(3566) __overflow
calls=2 0 
0 274 76 44 10 0 0 10 0 0 46 15 4 2
0 6 0 0 0 0 0 0 0 0 2

fn=(3558)
0 30 5 0 1 0 0 1 0 0 5

fn=(3576)
0 39 16 8 4 0 0 4 0 0 9 4
cfn=(3566)
calls=1 0 
0 137 38 22 0 0 0 0 0 0 23 13 2
0 2

fn=(3702)
0 953 175 70 11 4 3 11 2 3 94 37 30 15

fn=(3722)
0 1448 349 221 18 0 0 18 0 0 360 29

fn=(4054)
0 16272 9 9252 4 0 287 4 0 213 2313 26

fn=(4060)
0 63 18 0 1 1 0 1 0 0 18

fn=(4174)
0 15 3 0 0 0 0 0 0 0 3

fn=(2950)
0 54 5 0 4 2 0 4 0 0 4 1

fn=(3294)
0 21 1 10 2 0 0 2 0 0 2 1
cfn=(3160)
calls=1 0 
0 66 13 15 0 0 1 0 0 0 9 3
0 13 6 1 1 0 0 1 0 0 2 0 1 1
cob=(8)
cfi=(8)
cfn=(3296) __libc_csu_init
calls=1 0 
0 56 13 9 5 1 0 5 0 0 5 2 1 1
0 8 2 1 0 0 0 0 0 0 2
cfn=(3310) _setjmp
calls=1 0 
0 29 6 10 4 0 0 4 0 0 1 1
0 14 7 4 1 2 0 1 0 0 1 1 1 1
cob=(8)
cfi=(9) /home/kordax/Projects/litedet/build-release/../main.c
cfn=(3318) main
calls=1 52 
0 159606 35751 22326 396 1525 420 393 940 314 31793 3735 703 153
0 2 0 1 1
cfn=(4216)
calls=1 0 
0 11008 3241 1346 91 179 7 80 4 0 1886 232 39 33
0 2 0 0 1 0 0 1

fn=(3330)
0 1250 238 0 14 6 0 14 4 0 139 31

fn=(3472) brk
0 39 6 3 1 0 0 1 0 0 6

fn=(3560)
0 21 5 5 1 0 0 1 0 0 1 1

fn=(3798)
0 535 72 20 13 2 0 13 2 0 51 12 10 7

fn=(4106)
0 21 6 0 1 0 0 1 0 0 6

fn=(4118) 0x000000000008d190
0 994 151 116 5 0 4 5 0 1 259 79

fn=(4144) 0x000000000001f66b
0 210 52 14 2 0 0 2 0 0 26 6

fn=(2552)
0 28 12 0 2 3 0 2 0 0 4 4

fn=(2628)
0 70 28 0 1 0 0 1 0 0 14

fn=(2924)
0 70 6 12 4 3 2 4 0 2 6 3
cfn=(2552)
calls=1 0 
0 7 3 0 0 1 0 0 0 0 1 1
0 8 1 2 1 0 1 1 0 0 1 1
cfn=(2552)
calls=1 0 
0 7 3 0 0 0 0 0 0 0 1 1
0 10 1 2
cfn=(2944)
calls=1 0 
0 78 12 5 6 3 1 6 0 0 6 3
0 1 0 1
cfn=(2956) __ctype_init
calls=1 0 
0 16 10 3 3 4 0 3
0 14 9 1 2 2 1 2 0 1 1 1

fn=(3310)
0 2 0 0 1 0 0 1
cfn=(3312)
calls=1 0 
0 27 6 10 3 0 0 3 0 0 1 1

fn=(3326)
0 10 3 0 1 1 0 1 0 0 1

fn=(3358)
0 14 2 9 2 1 0 2 0 0 0 0 1 1
cob=(1)
cfi=(1)
cfn=(342)
calls=1 0 
0 2 1 1 0 0 1
0 2 0 1
cob=(1)
cfi=(1)
cfn=(2601)
calls=1 0 
0 2044 603 218 4 23 0 4 2 0 342 35 1 1
0 5 3 2 2 2 0 1 0 0 0 0 2 2
0 56016 13648 5 5 1032 1 5 849 0 12816 1937 1 1
cob=(1)
cfi=(1)
cfn=(352)
calls=1 0 
0 2 1 1 0 0 1
0 13 7 2 3 1 0 3

fn=(3416)
0 793 9 263 4 0 33 4 0 32 129 10

fn=(3470)
0 46 8 11 1 4 0 1 1 0 12 4
cfn=(3472)
calls=2 0 
0 26 4 2 0 0 0 0 0 0 4
0 21 12 1 1 0 0 1 0 0 2
cfn=(3472)
calls=1 0 
0 13 2 1 1 0 0 1 0 0 2
0 4 1 0 0 0 0 0 0 0 1

fn=(3546)
0 812 38 251 2 0 0 2 0 0 80 24
cfn=(4118)
calls=35 0 
0 994 151 116 5 0 4 5 0 1 259 79
0 677 268 43 2 1 0 2 0 0 36 5 8 1
cfn=(3548) _IO_file_overflow
calls=8 0 
0 968 251 167 18 3 0 18 0 0 141 18 9 2
0 128 16 2 1 0 0 1 0 0 32 3
cfn=(3564) _IO_default_xsputn
calls=2 0 
0 4182 1220 526 4 0 1 4 0 0 952 14 86 1
0 4200 838 0 2 2 0 2 1 0 1599 58

fn=(3550) _IO_doallocbuf
0 16 8 4 2 1 0 2 0 0 2 2 1 1
cfn=(3552)
calls=1 0 
0 94 18 12 9 1 0 9 0 0 10 3 1 1
0 2 0 0 0 0 0 0 0 0 1

fn=(3568)
0 220 20 50 2 0 0 2 0 0 30 2
cfn=(3570) write
calls=10 0 
0 70 20 0 1 0 0 1 0 0 20
0 140 60 0 1 0 0 1 0 0 20 6

fn=(3570)
0 70 20 0 1 0 0 1 0 0 20

fn=(3668)
0 2065 377 332 3 0 0 3 0 0 287 51

fn=(3782)
0 21 6 0 0 0 0 0 0 0 6

fn=(4210) 0x0000000000049880
0 44 4 2 3 1 0 3 1 0 4 2

fn=(4534)
0 3 0 2 1 0 0 1
cfn=(4536) 0x000000000007c4f0
calls=1 0 
0 51 14 16 6 0 0 6 0 0 6 3 1 1
0 12 3 6 0 0 0 0 0 0 1

fn=(4536)
0 8 2 4 2 0 0 2 0 0 0 0 1 1
cfn=(4538) _IO_file_sync
calls=1 0 
0 13 6 2 2 0 0 2 0 0 2 1
0 30 6 10 2 0 0 2 0 0 4 2

fn=(4568) _Exit
0 5 1 0 1 0 0 1

fn=(2526)
0 59 4 14 7 0 1 7 0 1 9 3

fn=(2956)
0 16 10 3 3 4 0 3

fn=(3376)
0 9 3 2 2 2 0 2 1 0 2 1

fn=(3556)
0 200 20 0 1 0 0 1 0 0 40 1

fn=(4114)
0 198 42 66 3 5 0 3 0 0 24 5
cfn=(4116) strchrnul
calls=6 0 
0 550 100 0 6 7 0 6 6 0 26 4
0 72 18 24 1 0 0 1 0 0 6 4 6 1
cfn=(3546)
calls=6 0 
0 2887 575 112 6 1 4 6 0 1 993 41
0 720 204 228 16 5 0 16 2 0 126 29 6 1
cfn=(4116)
calls=6 0 
0 120 12 0 0 1 0 0 1 0 12
0 66 18 18 1 0 0 1 0 0 6 0 6 1
cfn=(3546)
calls=6 0 
0 1254 282 174 1 1 0 1 0 0 204 32 12
0 194 58 20 11 0 0 11 0 0 42 18 2 1
cfn=(3546)
calls=2 0 
0 146 26 18 0 0 0 0 0 0 26 15
0 60 14 2 2 0 0 2 0 0 20 4
cfn=(4168)
calls=2 0 
0 86 12 4 4 0 0 4 0 0 8 4
0 68 8 22 1 0 0 1 0 0 12 2
cfn=(4156) _IO_padn
calls=4 0 
0 1500 289 126 4 1 0 4 1 0 378 64 10 2
0 88 28 16 2 0 0 2 0 0 16 0 4 1
cfn=(3546)
calls=4 0 
0 640 122 43 0 0 0 0 0 0 180 18
0 157 89 6 5 4 0 5 0 0 122 17
cfn=(4210)
calls=2 0 
0 44 4 2 3 1 0 3 1 0 4 2
0 74 20 16 7 0 0 7 0 0 18 12
cfn=(4156)
calls=2 0 
0 958 184 74 0 0 0 0 0 0 252 24 6
0 122 32 12 8 1 0 8 1 0 18 4 8 6
cfn=(4144)
calls=2 0 
0 24 10 2 0 0 0 0 0 0 2 2
0 62 22 12 3 0 0 3 0 0 8 2
cfn=(4144)
calls=6 0 
0 186 42 12 2 0 0 2 0 0 24 4
0 132 36 12 2 3 0 2 3 0 24 2

fn=(4218)
0 9 0 5 2 0 0 2
cfn=(4220) __call_tls_dtors
calls=1 0 
0 1695 525 204 3 44 0 3 0 0 276 28 3 3
0 69 9 6 1 4 0 1 0 0 20 3 1 1
cfn=(4478)
calls=1 0 
0 255 70 56 22 8 0 22 4 0 50 23 2 2
0 5 0 1 0 0 0 0 0 0 1
cfn=(4568)
calls=1 0 
0 8 1 0 2 0 0 2
0 6 3 1 2 1 0 2 0 0 0 0 1 1
cob=(1)
cfi=(1)
cfn=(4238)
calls=1 0 
0 8956 2633 1072 58 122 7 47 0 0 1539 178 32 26
0 1

fn=(4480)
0 88 25 12 8 8 0 8 4 0 22 12

fn=(4538)
0 13 6 2 2 0 0 2 0 0 2 1

fn=(2558)
0 55 4 5 2 0 0 2 0 0 5 3
cfn=(2552)
calls=1 0 
0 7 3 0 0 0 0 0 0 0 1 1
0 6 1

fn=(2560)
0 20 7 0 4 0 0 4 0 0 4 1

fn=(2960)
0 11 2 4 1 1 0 1 0 0 2 1
cfn=(2966)
calls=1 0 
0 734 80 27 12 8 0 12 8 0 204 59
0 4 1 1 1 0 0 1
cfn=(2966)
calls=1 0 
0 464 51 19 0 0 0 0 0 0 129 21
0 129 6 8 6 0 2 6 0 2 22 9

fn=(2976)
0 1086 116 18 7 8 0 7 8 0 323 78

fn=(3160)
0 32 0 16 2 0 0 2
cfn=(3162) 0x000000000003c1f0
calls=4 0 
0 170 32 29 6 3 2 6 1 2 31 13
0 56 20 16 0 0 2 0 0 0 4

fn=(3162)
0 170 32 29 6 3 2 6 1 2 31 13

fn=(3524)
0 1273 239 102 9 2 0 9 2 0 139 7 47 27

fn=(3554)
0 4 1 0 1 0 0 1
cfn=(3556)
calls=1 0 
0 10 1 0 1 0 0 1 0 0 2

fn=(3566)
0 18 9 0 2 0 0 2 0 0 3 3 3 1
cfn=(3548)
calls=3 0 
0 393 105 66 8 0 0 8 0 0 66 25 3 1

fn=(3620)
0 156 0 48 2 0 0 2 0 0 24 9
cfn=(3348)
calls=11 0 
0 2372 411 414 4 0 3 4 0 3 408 54
cob=(1)
cfi=(1)
cfn=(2601)
calls=1 0 
0 1242 364 174 1 19 3 1 0 1 198 40 1 1
0 16 14 2 1 1 0 1 0 0 0 0 13 1
0 240 60 96 2 0 3 2 0 3 24
cfn=(3626) 0x00000000000ec130
calls=12 0 
0 96 12 0 2 0 0 2 0 0 12 1
0 132 0 0 1 0 0 1 0 0 12 1

fn=(3796)
0 6 3 0 2 0 0 2 0 0 2 2

fn=(4032)
0 133 38 0 1 0 0 1 0 0 38 2

fn=(4116)
0 670 112 0 6 8 0 6 7 0 38 4

fn=(4156)
0 158 20 34 3 0 0 3 0 0 22 21 10 1
cfn=(3546)
calls=10 0 
0 1530 290 100 0 1 0 0 1 0 440 34
0 72 12 6 1 0 0 1 0 0 16 4 6 1
cfn=(3546)
calls=6 0 
0 650 121 60 0 0 0 0 0 0 152 29
0 48 30

fn=(3548)
0 3100 833 479 4 0 1 4 0 0 748 16
cfn=(3562)
calls=3 0 
0 273 72 48 8 0 0 8 0 0 39 17 3 1
0 54 24 0 1 0 0 1 0 0 3 2
cfn=(3562)
calls=8 0 
0 652 173 116 1 1 0 1 0 0 92 8 7
0 2 0 1 1 0 0 1
cfn=(3550)
calls=1 0 
0 112 26 16 11 2 0 11 0 0 13 5 2 2
0 6 2 3

fn=(3564)
0 632 258 96 2 0 0 2 0 0 90 4 86 1
cfn=(3548)
calls=86 0 
0 2838 774 430 0 0 1 0 0 0 688 5
0 712 188 0 2 0 0 2 0 0 174 5

fn=(3626)
0 96 12 0 2 0 0 2 0 0 12 1

fn=(3688)
0 135 135 0 1 0 0 1

fn=(3716)
0 60 12 24 0 0 0 0 0 0 12
cfn=(3722)
calls=11 0 
0 1331 319 209 1 0 0 1 0 0 330 18
cob=(1)
cfi=(1)
cfn=(2601)
calls=1 0 
0 1245 412 188 17 7 0 17 0 0 205 29 1 1
0 16 14 2 0 1 0 0 0 0 0 0 13 2
0 96 24 0 1 0 0 1 0 0 12

fn=(4220)
0 5 0 4 1 0 0 1
cob=(1)
cfi=(1)
cfn=(2601)
calls=1 0 
0 1678 517 198 1 43 0 1 0 0 275 27 1 1
0 5 3 2 0 1 0 0 0 0 0 0 2 2
0 7 5 0 1 0 0 1 0 0 1 1

ob=(4)
fl=(4)
fn=(2642)
0 1 0 1 1 0 0 1
cob=(3)
cfi=(3)
cfn=(2628)
calls=1 0 
0 5 2 0 0 0 0 0 0 0 1
0 1 1 0 0 0 0 0 0 0 0 0 1
0 5 2 0 0 0 0 0 0 0 1 1

fn=(2652)
0 2 0 1 1 0 0 1
cob=(3)
cfi=(3)
cfn=(2628)
calls=1 0 
0 5 2 0 0 0 0 0 0 0 1
0 1 1 0 0 0 0 0 0 0 0 0 1
0 8 2 0 0 0 0 0 0 0 2

fn=(2654)
0 2 0 1 1 0 0 1
cob=(3)
cfi=(3)
cfn=(2628)
calls=1 0 
0 5 2 0 0 0 0 0 0 0 1
0 1 1 0 0 0 0 0 0 0 0 0 1
0 8 2 0 0 0 0 0 0 0 2

fn=(2634)
0 1 0 1 1 0 0 1
cob=(3)
cfi=(3)
cfn=(2628)
calls=1 0 
0 5 2 0 0 0 0 0 0 0 1
0 1 1 0 0 0 0 0 0 0 0 0 1
0 5 2 0 1 0 0 1 0 0 1 1

fn=(4410)
0 8 3 2 1 2 0 1 0 0 2
cob=(1)
cfi=(1)
cfn=(2601)
calls=1 0 
0 1690 510 192 0 11 0 0 0 0 286 22 1 1
0 5 3 2 1 2 0 1 0 0 0 0 2 1
0 1 0 1
cfn=(4422) 0x0000000000005920
calls=1 0 
0 9 2 1 1 0 0 1 0 0 1
0 3 2 1 1

fn=(2646)
0 1 0 1 1 0 0 1
cob=(3)
cfi=(3)
cfn=(2628)
calls=1 0 
0 5 2 0 0 0 0 0 0 0 1
0 1 1 0 0 0 0 0 0 0 0 0 1
0 5 2 0 0 0 0 0 0 0 1 1

fn=(2630)
0 2 0 1 1 0 0 1
cob=(3)
cfi=(3)
cfn=(2628)
calls=1 0 
0 5 2 0 0 0 0 0 0 0 1
0 1 1 0 0 0 0 0 0 0 0 0 1 1
0 8 2 0 1 0 0 1 0 0 2

fn=(2638)
0 2 0 1 1 0 0 1
cob=(3)
cfi=(3)
cfn=(2628)
calls=1 0 
0 5 2 0 0 0 0 0 0 0 1
0 1 1 0 0 0 0 0 0 0 0 0 1
0 5 2 0 0 0 0 0 0 0 1

fn=(2632)
0 1 0 1 1 0 0 1
cob=(3)
cfi=(3)
cfn=(2628)
calls=1 0 
0 5 2 0 0 0 0 0 0 0 1
0 1 1 0 0 0 0 0 0 0 0 0 1
0 5 2 0 0 0 0 0 0 0 1 1

fn=(2650)
0 2 0 1 1 0 0 1
cob=(3)
cfi=(3)
cfn=(2628)
calls=1 0 
0 5 2 0 0 0 0 0 0 0 1
0 1 1 0 0 0 0 0 0 0 0 0 1
0 5 2 0 0 0 0 0 0 0 1

fn=(3108)
0 16 3 1 3 0 0 3 0 0 2 1

fn=(2592)
0 2 0 1 1 0 0 1
cob=(1)
cfi=(1)
cfn=(2600)
calls=1 0 
0 1786 527 195 10 12 3 10 8 1 296 28 1 1
0 5 3 2 2 0 0 2 0 0 0 0 2 2
0 8 2 0 1 0 0 1 0 0 2

fn=(2644)
0 2 0 1 1 0 0 1
cob=(3)
cfi=(3)
cfn=(2628)
calls=1 0 
0 5 2 0 0 0 0 0 0 0 1
0 1 1 0 0 0 0 0 0 0 0 0 1
0 5 2 0 0 0 0 0 0 0 1

fn=(2636)
0 1 0 1 1 0 0 1
cob=(3)
cfi=(3)
cfn=(2628)
calls=1 0 
0 5 2 0 0 0 0 0 0 0 1
0 1 1 0 0 0 0 0 0 0 0 0 1
0 5 2 0 1 0 0 1 0 0 1 1

fn=(2640)
0 2 0 1 1 0 0 1
cob=(3)
cfi=(3)
cfn=(2628)
calls=1 0 
0 5 2 0 0 0 0 0 0 0 1
0 1 1 0 0 0 0 0 0 0 0 0 1
0 8 2 0 1 0 0 1 0 0 2

fn=(2648)
0 1 0 1 1 0 0 1
cob=(3)
cfi=(3)
cfn=(2628)
calls=1 0 
0 5 2 0 0 0 0 0 0 0 1
0 1 1 0 0 0 0 0 0 0 0 0 1
0 5 2 0 0 0 0 0 0 0 1 1

fn=(4422)
0 9 2 1 1 0 0 1 0 0 1

ob=(6)
fl=(6)
fn=(3096)
0 17 3 1 3 0 0 3 0 0 2 1

fn=(4444) 0x0000000000002f10
0 9 2 1 2 0 0 1 0 0 1 1

fn=(3090) 0x0000000000002ab0
0 75 3 2 5 0 0 5 0 0 2

fn=(4430)
0 8 3 2 2 3 0 0 0 0 2
cob=(1)
cfi=(1)
cfn=(2601)
calls=1 0 
0 1690 510 192 0 13 0 0 0 0 286 14 1
0 5 3 2 1 1 0 1 0 0 0 0 2 2
0 1 0 1
cfn=(4444)
calls=1 0 
0 9 2 1 2 0 0 1 0 0 1 1
0 3 2 1

fn=(3084)
0 32 9 8 2 1 0 2 0 0 1 1
cfn=(3086) 0x0000000000002bc0
calls=1 0 
0 20 2 5 1 0 0 1 0 0 1
0 13 3 1 1 0 0 1 0 0 2
cfn=(3086)
calls=1 0 
0 20 2 5 0 0 0 0 0 0 1
0 34 5 1 2 1 0 2 1 0 5 2 1 1
cfn=(3090)
calls=1 0 
0 75 3 2 5 0 0 5 0 0 2
0 10 2 3 2 0 0 2 0 0 1

fn=(3086)
0 40 4 10 1 0 0 1 0 0 2

ob=(8)
fl=(12) /home/kordax/Projects/litedet/build-release/../scan.h
fn=(4044) scanpat
80 6 0 6 1 0 0 1
+3 3
-3 6 0 6
+5 3
-5 12 0 6
+4 3 0 3 1 0 0 1
+3 3
+2 18 0 6
cob=(3)
cfi=(3)
cfn=(3330)
calls=6 -89 
* 698 142 0 9 4 0 9 2 0 79 23
* 6 6 0 0 0 0 0 0 0 0 0 6
+1 6
-1 6
+1 6 0 0 0 0 0 0 0 0 6 2
-3 18 0 9
cfn=(4046) sign_get
calls=9 -65 
* 23455 1699 10402 12 25 308 12 2 232 3674 160 67 8
* 27 0 0 0 0 0 0 0 0 9 2
+14 15
+2 24 21 0 0 1
-11 6 0 3 1 0 0 1
cob=(3)
cfi=(3)
cfn=(3544)
calls=3 -92 
* 102 15 0 0 0 0 0 0 0 9 2
* 3 3 0 0 0 0 0 0 0 0 0 3
* 9 0 3
cob=(3)
cfi=(3)
cfn=(3348)
calls=3 -92 
* 513 78 105 2 3 3 2 0 3 72 7
* 3 3 0 0 0 0 0 0 0 0 0 3
+1 9
-1 3
+1 3 0 3
cob=(3)
cfi=(3)
cfn=(3834)
calls=3 -93 
* 60 13 10 0 0 0 0 0 0 11 3
* 3 3 0 0 0 0 0 0 0 0 0 3
+2 3 0 3
+1 6 3 0 1 0 0 1 0 0 3 2
+1 6

fn=(4026) scan
110 2 1 0 1 0 0 1 0 0 1 1
-4 7 0 6
+4 1
-4 3
+15 30 10 0 0 0 0 0 0 0 10 3
+2 18 0 3 1 0 0 1
cob=(3)
cfi=(3)
cfn=(3558)
calls=2 0 
* 12 2 0 0 0 0 0 0 0 2
cob=(1)
cfi=(1)
cfn=(2601)
calls=1 0 
* 1499 493 207 0 9 0 0 2 0 244 26 1 1
* 7 5 2 0 0 0 0 0 0 0 0 4 2
+2 3
-2 3
+2 3 0 0 0 0 0 0 0 0 3
+5 6 0 3
cfn=(4044)
calls=3 -50 
* 25044 1986 10565 27 33 311 27 4 235 3863 201 82 8
+2 9 3
-2 3
+2 3 0 3
cob=(3)
cfi=(3)
cfn=(4106)
calls=2 0 
* 14 4 0 0 0 0 0 0 0 4
cob=(1)
cfi=(1)
cfn=(2601)
calls=1 0 
* 1366 450 185 1 15 0 1 1 0 226 15 1 1
* 7 5 2 0 0 0 0 0 0 0 0 4 2
* 6 0 0 1 0 0 1 0 0 3
+5 6 0 0 0 0 0 0 0 0 3 1
+3 6 2 0 0 1
-1 2 0 2
+1 2 0 2
cob=(3)
cfi=(3)
cfn=(4112)
calls=1 0 
* 1646 363 169 0 4 2 0 0 0 431 28 9
cob=(1)
cfi=(1)
cfn=(2601)
calls=1 0 
* 3050 823 355 60 30 2 60 9 1 676 95 10 8
* 6 4 2 0 0 0 0 0 0 0 0 3 1
+1 8 0 2
cob=(3)
cfi=(3)
cfn=(4112)
calls=2 0 
* 3672 774 376 6 5 0 6 4 0 840 108 22 4
* 2 2 0 0 0 0 0 0 0 0 0 2 1
+1 4 2 0 0 0 0 0 0 0 2
+8 9 3 3
cob=(3)
cfi=(3)
cfn=(4174)
calls=2 0 
* 10 2 0 0 0 0 0 0 0 2
cob=(1)
cfi=(1)
cfn=(2601)
calls=1 0 
* 1542 493 205 0 13 0 0 1 0 252 18 1 1
* 7 5 2 0 0 0 0 0 0 0 0 4 2
* 6 0 0 0 0 0 0 0 0 3
+4 6 0 3
cob=(3)
cfi=(3)
cfn=(3782)
calls=2 0 
* 14 4 0 0 0 0 0 0 0 4
cob=(1)
cfi=(1)
cfn=(2601)
calls=1 0 
* 1468 482 205 0 8 0 0 1 0 238 15 1 1
* 7 5 2 0 0 0 0 0 0 0 0 4 2
* 6 0 0 0 0 0 0 0 0 3 1
-44 39 10 0 0 0 0 0 0 0 10 1
+2 36 9 9 0 1
cob=(3)
cfi=(3)
cfn=(4032)
calls=9 0 
* 63 18 0 0 0 0 0 0 0 18
* 9 9 0 0 0 0 0 0 0 0 0 9
* 4 1 1 1 0 0 1
cob=(1)
cfi=(1)
cfn=(2601)
calls=1 0 
* 1344 446 185 1 7 0 1 2 0 222 16 1 1
* 5 3 2 0 0 0 0 0 0 0 0 2 1
+1 10
-1 10
+1 10 0 0 0 0 0 0 0 0 10
fi=(13) /usr/include/x86_64-linux-gnu/sys/stat.h
469 40 0 10
cob=(3)
cfi=(3)
cfn=(3556)
calls=9 0 
* 90 9 0 0 0 0 0 0 0 18
cob=(1)
cfi=(1)
cfn=(2601)
calls=1 0 
* 1545 494 205 0 7 0 0 1 0 251 20 1 1
* 14 12 2 0 0 0 0 0 0 0 0 11 1
fe=(12)
117 20 0 0 0 0 0 0 0 0 10 7
+43 8 7 0 1 2 0 1

fn=(4046)
22 18 0 18 1 0 0 1
+5 9
-5 18 0 18
+5 18
-5 9
+5 9 0 9 0 0 1 0 0 1
cob=(3)
cfi=(3)
cfn=(4032)
calls=9 -27 
* 63 18 0 0 0 0 0 0 0 18 2
* 9 9 0 0 0 0 0 0 0 0 0 9 1
+1 9
-1 9
+1 9 0 0 0 0 0 0 0 0 9
fi=(13)
469 36 0 9 1 0 0 1
cob=(3)
cfi=(3)
cfn=(3556)
calls=9 0 
* 90 9 0 0 0 0 0 0 0 18 1
* 9 9 0 0 0 0 0 0 0 0 0 9 1
fe=(12)
32 18 0 0 0 0 0 0 0 0 9
+4 36 18 0 0 1 0 0 1 0 9
+6 9
-1 18 0 9
cob=(3)
cfi=(3)
cfn=(3348)
calls=9 -41 
* 1795 265 335 0 0 9 0 0 8 278 31
* 9 9 0 0 0 0 0 0 0 0 0 9
+1 9
-1 9
+1 27 0 9 1 0 0 1
cob=(3)
cfi=(3)
cfn=(4054)
calls=8 -42 
* 14464 8 8224 0 0 47 0 0 0 2056 18
cob=(1)
cfi=(1)
cfn=(2601)
calls=1 -42 
* 3279 482 1233 4 10 247 4 1 220 494 20 1 1
* 13 11 2 0 0 0 0 0 0 0 0 10 2
+3 36 0 9
cob=(3)
cfi=(3)
cfn=(4060)
calls=8 -45 
* 56 16 0 0 0 0 0 0 0 16
cob=(1)
cfi=(1)
cfn=(2601)
calls=1 -45 
* 1457 487 207 1 10 0 1 0 0 236 17 1 1
* 13 11 2 0 0 0 0 0 0 0 0 10 2
* 18 0 0 0 0 0 0 0 0 9
+4 27
+1 9
-1 234 0 225 0 0 4 0 0 3 225 22
+1 18 0 9 1 0 0 1
cob=(3)
cfi=(3)
cfn=(3702)
calls=9 -50 
* 362 65 27 0 2 0 0 0 0 36 10 9
* 9 9 0 0 0 0 0 0 0 0 0 9
+1 126 45 0 0 2 0 0 0 0 9 2
+4 54 0 0 0 0 0 0 0 0 27 3
+2 24
-2 159 51 0 1 0 0 1 0 0 51 18
+10 6
+1 6 6
-1 6 0 6
+1 666 126 0 1 0 0 1 0 0 132 6
+2 36 0 36
-2 42 0 0 1 0 0 1 0 0 36 9
+2 6 0 6
-2 12 0 6 0 0 0 0 0 0 6 1
+10 15 0 3
-38 3
+39 54 45

fl=(10) /home/kordax/Projects/litedet/build-release/../list.h
fn=(3822) fs_pushback
35 60 0 40 1 0 0 1
+1 10
-1 10 0 0 1 0 0 1
+1 10 0 10
cob=(3)
cfi=(3)
cfn=(3544)
calls=9 -36 
* 306 45 0 0 0 0 0 0 0 27 5
cob=(1)
cfi=(1)
cfn=(2601)
calls=1 -36 
* 1524 496 207 0 8 2 0 2 0 244 15 1 1
* 14 12 2 0 0 0 0 0 0 0 0 11 2
* 50 20 0 0 1
+13 440 165 0 0 0 0 0 0 0 220
+1 155 55 0 0 2 0 0 1 0 55 10
-12 90 0 0 0 0 0 0 0 0 45
+2 165 0 0 1 0 0 1 0 0 55 7
+12 20 0 10 1 0 0 1
cob=(3)
cfi=(3)
cfn=(3348)
calls=10 -52 
* 2458 343 383 13 1 11 13 0 11 414 100 1
* 10 10 0 0 0 0 0 0 0 0 0 10
+2 10
-2 10 0 10
+2 30 0 10
cob=(3)
cfi=(3)
cfn=(3834)
calls=9 -54 
* 156 31 22 0 0 3 0 0 3 29 2
cob=(1)
cfi=(1)
cfn=(2601)
calls=1 -54 
* 1517 490 208 4 11 1 4 3 1 245 19 2 2
* 14 12 2 1 0 0 1 0 0 0 0 11 2
+1 10 0 10
+4 60 50

fl=(9)
fn=(3342) get_real_path
36 4 0 3 1 0 0 1
+1 2 0 1
cob=(1)
cfi=(1)
cfn=(2601)
calls=1 -37 
* 61122 14939 768 72 1117 43 71 860 36 13702 2054 9 9
* 5 3 2 0 0 0 0 0 0 0 0 2 1
+1 1
-1 1
+1 1 0 1
cob=(3)
cfi=(3)
cfn=(3348)
calls=1 -38 
* 193 28 30 2 0 0 2 0 0 27 7
* 1 1 0 0 1 0 0 0 0 0 0 1 1
* 1
+3 9 1 0 1 0 0 1 0 0 1
+1 1
-1 10
+1 1
-1 2 0 2
+1 1 0 1
cob=(1)
cfi=(1)
cfn=(2601)
calls=1 -42 
* 1504 490 208 6 79 7 6 2 0 240 22 3 3
* 5 3 2 1 2 0 1 0 0 0 0 2 1
+1 11 1 1 1 0 0 1 0 0 1
+2 9 0 1
cob=(3)
cfi=(3)
cfn=(3524)
calls=1 -45 
* 22 6 2 4 0 0 4 0 0 2 2 1 1
* 1 1 0 0 0 0 0 0 0 0 0 1 1
+1 2 0 2
+3 5 4 0 0 1

fn=(3318)
52 8 0 6 1 0 0 1
+2 1
-2 1 0 1
+2 1 0 0 0 0 0 0 0 0 1 1
+5 2 0 0 0 0 0 0 0 0 1
+5 8 1 1 1 0 0 1 0 0 1
+12 18 6 0 0 1 0 0 1 0 6 1
+10 12 0 0 1 0 0 1
-12 12 0 0 0 0 0 0 0 0 6 3
+22 2 1 0 0 0 0 0 0 0 1
+4 9 5 0 1 0 0 1 0 0 3
+6 2 0 0 0 0 0 0 0 0 1 1
+12 3 2 1
cfn=(3342)
calls=1 -82 
* 62914 15477 1024 88 1200 50 87 862 36 13973 2085 19 17
+1 1 1 0 1 1 0 1
-1 1
+1 1 0 0 0 0 0 0 0 0 1
+23 2 0 1
cob=(1)
cfi=(1)
cfn=(2601)
calls=1 0 
* 3965 1201 541 46 26 2 46 4 0 767 56 49 8
* 5 3 2 1 0 0 1 0 0 0 0 2 1
+1 2 1 0 0 0 0 0 0 0 1 1
fi=(10)
28 2 0 1
cob=(3)
cfi=(3)
cfn=(3348)
calls=1 -28 
* 224 39 37 5 0 1 5 0 1 37 15
* 1 1 0 0 0 0 0 0 0 0 0 1
fe=(9)
148 1
fi=(10)
28 1 0 0 1 0 0 1
fe=(9)
148 1
fi=(10)
29 1 0 1
fe=(9)
148 1 0 1
cfi=(11) /home/kordax/Projects/litedet/build-release/../walk.h
cfn=(3614) walk
calls=1 15 
* 39358 9346 6808 107 128 52 107 31 41 7566 829 368 80
+1 2 0 1
cfi=(12)
cfn=(4026)
calls=1 -39 
* 42772 6941 12718 100 135 315 100 25 236 7349 556 172 38
+8 2 1 0 0 0 0 0 0 0 1
+14 2 0 1
cob=(3)
cfi=(3)
cfn=(3542)
calls=1 0 
* 2808 780 333 1 2 0 0 2 0 648 22 49
* 1 1 0 0 0 0 0 0 0 0 0 1 1
+1 4 1 1 1
cob=(3)
cfi=(3)
cfn=(4112)
calls=1 0 
* 1806 384 184 26 2 0 26 2 0 430 51 10 2
* 1 1 0 0 0 0 0 0 0 0 0 1
+1 4 1 1
cob=(3)
cfi=(3)
cfn=(4112)
calls=1 0 
* 1753 373 182 0 2 0 0 2 0 411 46 10
* 1 1 0 0 0 0 0 0 0 0 0 1
+2 1
+1 8 7 0 0 2
76 30 18 6 2 1 0 2 1
cob=(3)
cfi=(3)
cfn=(3330)
calls=5 -76 
* 230 40 0 0 1 0 0 1 0 25 4
cob=(1)
cfi=(1)
cfn=(2601)
calls=1 -76 
* 1538 493 206 7 13 0 7 5 0 245 25 2 2
* 10 8 2 1 0 0 1 0 0 0 0 7 1
+1 6
-1 12 0 6
+1 24 6 6 0 1 0 0 1 0 6
cob=(3)
cfi=(3)
cfn=(3330)
calls=6 -77 
* 276 48 0 0 0 0 0 0 0 30 2
* 6 6 0 0 0 0 0 0 0 0 0 6 1
+1 6
-1 12 0 6
+1 6 0 0 0 0 0 0 0 0 6 2
+66 2 0 1 1 0 0 1
cob=(1)
cfi=(1)
cfn=(2601)
calls=1 0 
* 1717 554 245 4 10 0 4 3 0 277 35 3 1
* 5 3 2 0 0 0 0 0 0 0 0 2 1
* 1

fl=(11)
fn=(3614)
15 8 0 6 1 0 0 1
+3 1
-3 1
+3 1 0 1 1 0 0 1
cob=(3)
cfi=(3)
cfn=(3348)
calls=1 -18 
* 184 27 30 0 0 1 0 0 1 26 5
* 1 1 0 0 0 0 0 0 0 0 0 1
+1 1
-1 1
+1 1 0 1
cob=(1)
cfi=(1)
cfn=(2601)
calls=1 -19 
* 2794 859 393 9 29 7 9 1 1 444 57 4 3
* 5 3 2 1 0 0 1 0 0 0 0 2 1
+1 1
-1 1
+1 1 0 0 0 0 0 0 0 0 1 1
+13 2
-3 2 0 1
cob=(1)
cfi=(1)
cfn=(2601)
calls=1 -30 
* 2421 641 321 10 16 0 10 8 0 348 54 1 1
* 5 3 2 0 0 0 0 0 0 0 0 2 1
* 8 0 4
cob=(3)
cfi=(3)
cfn=(3656)
calls=4 -30 
* 156 56 32 0 0 0 0 0 0 24
* 4 4 0 0 0 0 0 0 0 0 0 4
* 15 0 0 0 0 0 0 0 0 5
+2 14 0 14
cob=(3)
cfi=(3)
cfn=(3688)
calls=13 -32 
* 39 39
cob=(1)
cfi=(1)
cfn=(2601)
calls=1 -32 
* 1788 543 207 1 11 0 1 2 0 293 29 1 1
* 18 16 2 0 1 0 0 0 0 0 0 15 1
* 28 14 0 1 0 0 1 0 0 14
+1 504 0 448 0 0 0 0 0 0 448 31
+1 42 0 14
cob=(3)
cfi=(3)
cfn=(3524)
calls=14 -34 
* 378 70 28 1 1 0 1 1 0 42 2 14 12
* 14 14 0 0 0 0 0 0 0 0 0 14
+1 28 14 0 0 0 0 0 0 0 14 10
+2 36 12 0 0 0 0 0 0 0 12 6
+9 24 0 0 0 0 0 0 0 0 12 1
+2 10
+1 10
-1 10 0 10 1 0 0 1
+1 360 50 0 0 0 0 0 0 0 50 6
+1 10
-1 80
+1 10 0 0 1 0 0 1
-1 10 0 10
+1 10 0 10
cob=(3)
cfi=(3)
cfn=(3702)
calls=9 -50 
* 196 40 10 1 0 0 1 0 0 18 9 9 6
cob=(1)
cfi=(1)
cfn=(2601)
calls=1 -50 
* 1422 460 187 7 12 0 7 2 0 235 17 3 3
* 14 12 2 1 0 0 1 0 0 0 0 11 2
+3 20 10 0 0 0 0 0 0 0 10 4
+2 30 0 10
cfn=(3615) walk'2
calls=10 -40 
* 26815 6058 4793 57 57 40 57 16 35 5235 529 261 45
-25 20 0 10
cob=(3)
cfi=(3)
cfn=(3656)
calls=10 -30 
* 414 145 85 0 0 0 0 0 0 63 13
* 10 10 0 0 0 0 0 0 0 0 0 10
* 31 0 0 0 0 0 0 0 0 10 2
+30 2 0 1
cob=(3)
cfi=(3)
cfn=(3716)
calls=1 -60 
* 135 33 21 0 0 0 0 0 0 32 1 1
* 1 1 0 0 0 0 0 0 0 0 0 1
+2 8 7
-23 2
+1 2
+1 2
-1 2 0 2
-1 2 0 2
+2 4 0 2
cob=(3)
cfi=(3)
cfn=(3798)
calls=2 -41 
* 101 15 4 2 0 0 2 0 0 10 4 2 2
* 2 2 0 0 0 0 0 0 0 0 0 2
* 6 0 2
cob=(3)
cfi=(3)
cfn=(3702)
calls=2 -41 
* 56 11 5 0 0 1 0 0 1 6 4 2 2
* 2 2 0 0 0 0 0 0 0 0 0 2
+1 6 0 2
cfi=(10)
cfn=(3822)
calls=2 -7 
* 1008 170 134 12 1 3 12 1 3 212 44 6
+1 8 4 0 0 0 0 0 0 0 2

fn=(3615)
15 88 0 66
+3 11
-3 11
+3 11 0 11
cob=(3)
cfi=(3)
cfn=(3348)
calls=11 -18 
* 3404 428 484 4 0 15 4 0 15 690 77
* 11 11 0 0 0 0 0 0 0 0 0 11 1
+1 11
-1 11
+1 11 0 11
cob=(3)
cfi=(3)
cfn=(3620)
calls=11 -19 
* 2955 488 546 4 0 6 4 0 6 474 62 11
* 11 11 0 0 0 0 0 0 0 0 0 11 1
+1 11
-1 11
+1 11 0 0 0 0 0 0 0 0 11 1
+13 22
-3 22 0 11
cob=(3)
cfi=(3)
cfn=(3656)
calls=11 -30 
* 3255 681 511 0 5 0 0 5 0 414 44
* 11 11 0 0 0 0 0 0 0 0 0 11 1
* 60 0 30
cob=(3)
cfi=(3)
cfn=(3656)
calls=30 -30 
* 1410 470 290 0 0 0 0 0 0 210 42
* 30 30 0 0 0 0 0 0 0 0 0 30
* 123 0 0 0 0 0 0 0 0 41 2
+2 31 0 31
cob=(3)
cfi=(3)
cfn=(3688)
calls=31 -32 
* 93 93
* 31 31 0 0 0 0 0 0 0 0 0 31 1
* 62 31 0 0 0 0 0 0 0 31
+1 1116 0 992 0 0 0 0 0 0 992 44
+1 93 0 31
cob=(3)
cfi=(3)
cfn=(3524)
calls=31 -34 
* 848 158 70 0 0 0 0 0 0 93 2 31 13
* 31 31 0 0 0 0 0 0 0 0 0 31
+1 62 31 0 0 0 0 0 0 0 31 18
+2 27 9 0 0 0 0 0 0 0 9 7
+9 18 0 0 0 0 0 0 0 0 9 3
+2 1
+1 1
-1 1 0 1
+1 43 6 0 0 0 0 0 0 0 6 1
+1 1
-1 8
+1 1
-1 1 0 1
+1 1 0 1
cob=(3)
cfi=(3)
cfn=(3702)
calls=1 -50 
* 24 4 2 1 0 0 1 0 0 2 1 1 1
* 1 1 0 0 0 0 0 0 0 0 0 1
+3 2 1 0 0 0 0 0 0 0 1 1
+2 3 0 1
cfn=(3615)
calls=1 -40 
* 1718 333 349 2 2 6 2 2 6 327 43 25 5
-25 2 0 1
cob=(3)
cfi=(3)
cfn=(3656)
calls=1 -30 
* 63 19 13 0 0 0 0 0 0 9 4
* 1 1 0 0 0 0 0 0 0 0 0 1
* 4 0 0 0 0 0 0 0 0 1
+30 2 0 1
cob=(3)
cfi=(3)
cfn=(3716)
calls=1 -60 
* 135 33 21 0 0 0 0 0 0 32 5 1
* 1 1 0 0 0 0 0 0 0 0 0 1
* 20 0 10 1 0 0 1
cob=(3)
cfi=(3)
cfn=(3716)
calls=9 -60 
* 1215 297 189 1 0 0 1 0 0 288 12 9 1
cob=(1)
cfi=(1)
cfn=(2601)
calls=1 -60 
* 2783 908 397 18 19 3 18 2 0 451 46 4 3
* 14 12 2 0 1 0 0 0 0 0 0 11 2
+2 88 77
-23 8 0 0 1 0 0 1
+1 8
+1 8
-1 8 0 8
-1 8 0 8
+2 16 0 8
cob=(3)
cfi=(3)
cfn=(3798)
calls=7 -41 
* 381 51 14 2 1 0 2 1 0 36 6 7 4
cob=(1)
cfi=(1)
cfn=(2601)
calls=1 -41 
* 1533 490 208 11 8 0 11 2 0 244 24 3 3
* 12 10 2 0 0 0 0 0 0 0 0 9 2
* 24 0 8
cob=(3)
cfi=(3)
cfn=(3702)
calls=8 -41 
* 295 50 25 3 1 2 3 1 2 30 11 8 5
* 8 8 0 0 0 0 0 0 0 0 0 8
+1 24 0 8
cfi=(10)
cfn=(3822)
calls=8 -7 
* 6121 1559 780 10 22 14 10 5 12 1122 114 30 7
+1 32 16 0 1 0 0 1 0 0 8 2

fl=(8)
fn=(3296)
0 16 0 7 2 0 0 2
cob=(2)
cfi=(2)
cfn=(3298)
calls=1 0 
0 6 2 0 0 0 0 0 0 0 1 1
0 7 1 1 0 1 0 0 0 0 1 0 1 1
cfn=(3302) 0x0000000000401160
calls=1 0 
0 16 3 1 2 0 0 2 0 0 2 1
0 11 7 0 1 0 0 1 0 0 1

fn=(3286)
0 11 1 3 1 0 0 1
cob=(1)
cfi=(1)
cfn=(2600)
calls=1 0 
0 172611 39581 23930 502 1720 429 487 947 314 33992 3995 746 190
0 5 3 2 2 3 0 2 0 0 0 0 2 2

ob=(7)
fl=(7)
fn=(3236)
0 49 25 12 3 13 0 3 3 0 12 2

fn=(4396)
0 3 0 1 0 0 1
cfn=(4394)
calls=1 0 
0 4 2 1
0 1 1 0 0 0 0 0 0 0 0 0 1 1

fn=(3154)
0 5 2 2 2 0 0 2 0 0 1 1

fn=(3182)
0 6 1 5 1 0 2 1

fn=(3210)
0 49 25 12 3 15 0 3 3 0 12 1

fn=(4398)
0 3 0 1 1 0 0 1
cfn=(4394)
calls=1 0 
0 4 2 1
0 1 1 0 0 0 0 0 0 0 0 0 1

fn=(3136)
0 5 1 1 2 1 0 2 1 0 1 1
cob=(1)
cfi=(1)
cfn=(2601)
calls=1 0 
0 1169 324 135 3 11 0 3 2 0 172 20 1 1
0 5 3 2 1 0 0 1 0 0 0 0 2 1
0 5 0 2 0 0 0 0 0 0 1
cob=(1)
cfi=(1)
cfn=(2601)
calls=1 0 
0 1364 373 152 1 9 0 1 1 0 194 9 1 1
0 5 3 2 1 0 0 1 0 0 0 0 2 1
0 4 0 2
cob=(1)
cfi=(1)
cfn=(2601)
calls=1 0 
0 1187 338 143 2 6 0 2 1 0 171 10 1 1
0 5 3 2 1 1 0 1 0 0 0 0 2 1
0 4 0 1 1 0 0 1
cob=(1)
cfi=(1)
cfn=(2601)
calls=1 0 
0 1687 520 213 8 19 2 8 5 2 277 34 1 1
0 5 3 2 1 1 0 1 0 0 0 0 2 1
0 3 1

fn=(3148)
0 12 6 3 1 1 0 1

fn=(3184)
0 19 3 6 1 1 2 1 1 2 3 1

ob=(8)
fl=(8)
fn=(3302)
0 16 3 1 2 0 0 2 0 0 2 1

fn=(4320) 0x00000000004010c0
0 8 2 1 1 0 0 1 0 0 1 1

fn=(4316)
0 2 1 0 0 0 0 0 0 0 1

ob=(7)
fl=(7)
fn=(3184)
0 54 4 32 3 1 2 3 1 2 23 15

fn=(3262)
0 54 2 52 9 1 6 9 1 6

fn=(3264)
0 5 0 3 0 0 1 0 0 1
cfn=(3148)
calls=1 0 
0 4 2 1
0 1 1 0 0 0 0 0 0 0 0 0 1 1
0 7 0 2 1 0 0 1
cob=(3)
cfi=(3)
cfn=(3160)
calls=1 0 
0 66 13 15 0 0 1 0 0 0 9 3
0 1 1 0 0 0 0 0 0 0 0 0 1 1
0 3 0 2
cfn=(3148)
calls=1 0 
0 4 2 1
0 1 1 0 0 0 0 0 0 0 0 0 1
0 7 1 1 1 0 0 1
cob=(3)
cfi=(3)
cfn=(3160)
calls=1 0 
0 66 13 15 0 0 0 0 0 0 9 3
0 1 1 0 0 0 0 0 0 0 0 0 1

fn=(4394)
0 12 6 3 1 1 0 1

fn=(4402) 0x000000000005bc50
0 9 2 1 1 0 0 0 0 0 1

fn=(4388)
0 3 0 1 1 0 1 1
cob=(1)
cfi=(1)
cfn=(2601)
calls=1 0 
0 1330 360 150 1 15 0 1 0 0 186 17 1 1
0 5 3 2 1 1 0 1 0 0 0 0 2 1

fn=(3120)
0 16 3 1 2 1 0 2 0 0 2 1

fn=(3128)
0 2 0 1 1 0 0 1
cob=(1)
cfi=(1)
cfn=(2600)
calls=1 0 
0 6781 1947 818 21 64 4 21 11 2 1004 96 13 9
0 5 3 2 1 2 0 1 0 0 0 0 2 2
0 4 2 1 1 1 1 1

ob=(8)
fl=(8)
fn=(4316)
0 3 0 2
cfn=(4320)
calls=1 0 
0 8 2 1 1 0 0 1 0 0 1 1

ob=(7)
fl=(7)
fn=(3142)
0 26 10 6 3 1 0 3 0 0 4 2

fn=(4378)
0 8 3 2 1 3 0 1 0 0 2
cob=(1)
cfi=(1)
cfn=(2601)
calls=1 0 
0 3089 897 355 4 28 2 4 0 0 481 45 9 6
0 5 3 2 2 2 0 1 0 0 0 0 2 1
0 1 0 1
cfn=(4402)
calls=1 0 
0 9 2 1 1 0 0 0 0 0 1

ob=(8)
fl=(8)
fn=(4316)
0 3 2 1

ob=(7)
fl=(7)
fn=(4378)
0 3 2 1

totals: 2227966 521864 208476 1247 9809 1976 1227 5923 1485 332530 18454 3333 297
