version: 1
creator: callgrind-3.10.1
pid: 1225
cmd:  /home/kordax/Projects/litedet/build-release/litedet kordax
part: 1


desc: I1 cache: 32768 B, 64 B, 8-way associative
desc: D1 cache: 32768 B, 64 B, 8-way associative
desc: LL cache: 6291456 B, 64 B, 24-way associative

desc: Timerange: Basic block 0 - 384613
desc: Trigger: Program termination

positions: line
events: Ir Dr Dw I1mr D1mr D1mw ILmr DLmr DLmw
summary: 2243918 525381 210321 1248 9819 1979 1228 5924 1485


ob=(3) /lib/x86_64-linux-gnu/libc-2.19.so
fl=(3) ???
fn=(2550) time
0 55 4 5 2 1 0 2 1
cfn=(2552) 0x00000000001373a0
calls=1 0 
0 7 3 0 2 2 0 2
0 6 1 0 1 0 0 1

fn=(2966) 0x00000000000a24a0
0 44 0 20 2 0 0 2
cfn=(2976) 0x00000000000a2150
calls=2 0 
0 652 64 6 5 6 0 5 6
0 14 0 2 1 0 0 1
cfn=(2976)
calls=2 0 
0 325 36 6 0 2 0 0 2
0 9 0 1
cfn=(2976)
calls=1 0 
0 20 4 3
0 7 1 1
cfn=(2976)
calls=1 0 
0 89 12 3 2 0 0 2
0 38 14 4 2 0 0 2

fn=(3524) 0x000000000009ec20
0 1273 239 102 9 2 0 9 2

fn=(3554) _IO_file_stat
0 4 1 0 1 0 0 1
cfn=(3556) __fxstat
calls=1 0 
0 10 1 0 1 0 0 1

fn=(3566) __overflow
0 18 9 0 2 0 0 2
cfn=(3548) _IO_file_overflow
calls=3 0 
0 393 105 66 8 0 0 8

fn=(3772) closedir
0 60 12 24
cfn=(3778) free
calls=11 0 
0 1331 319 209 1 0 0 1
cob=(1) /lib/x86_64-linux-gnu/ld-2.19.so
cfi=(1) ???
cfn=(2601) 0x00000000000164e0'2
calls=1 0 
0 1245 412 188 17 8 0 17
0 16 14 2 0 1
0 96 24 0 1 0 0 1

fn=(4164) strnlen
0 86 12 4 4 0 0 4

fn=(4216) __call_tls_dtors
0 5 0 4 1 0 0 1
cob=(1)
cfi=(1)
cfn=(2601)
calls=1 0 
0 1678 517 198 1 43 0 1
0 5 3 2 0 1
0 7 5 0 1 0 0 1

fn=(2944) 0x00000000000fad80
0 12 1 3 1 0 0 1
cfn=(2950) rindex
calls=1 0 
0 54 5 0 4 2 0 4
0 12 6 2 1 1 1 1

fn=(3312) __sigsetjmp
0 27 6 10 3 0 0 3

fn=(3548)
0 3276 866 512 4 0 1 4
cfn=(3562) _IO_do_write
calls=3 0 
0 273 72 48 8 0 0 8
0 120 57 0 1 0 0 1
cfn=(3562)
calls=19 0 
0 1653 437 292 1 0 2 1
0 2 0 1 1 0 0 1
cfn=(3550) _IO_doallocbuf
calls=1 0 
0 112 26 16 11 2 0 11
0 6 2 3

fn=(3564) _IO_default_xsputn
0 632 258 96 2 0 0 2
cfn=(3548)
calls=86 0 
0 2838 774 430 0 0 1
0 712 188 0 2 0 0 2

fn=(3618) opendir
0 156 0 48 2 0 0 2
cfn=(3348) malloc
calls=11 0 
0 2372 411 414 4 0 3 4 0 3
cob=(1)
cfi=(1)
cfn=(2601)
calls=1 0 
0 1242 364 174 1 19 3 1 0 1
0 16 14 2 1 1 0 1
0 240 60 96 2 0 3 2 0 3
cfn=(3624) 0x00000000000ec130
calls=12 0 
0 96 12 0 2 0 0 2
0 132 0 0 1 0 0 1

fn=(3742) 0x000000000001f66b
0 551 129 36 2 0 0 2

fn=(4170) munmap
0 15 3

fn=(4354) __cxa_finalize
0 174 35 30 2 0 0 2
cob=(7) /usr/lib/x86_64-linux-gnu/libstdc++.so.6.0.19
cfi=(7) ???
cfn=(4394) 0x00000000000b0b70
calls=1 0 
0 8 3 2 1 0 0 1
cob=(7)
cfi=(7)
cfn=(4392) 0x00000000000b1860
calls=1 0 
0 8 3 2 0 0 1
cob=(7)
cfi=(7)
cfn=(4384) 0x00000000000b1850
calls=1 0 
0 1338 363 153 3 16 1 3
0 175 63 4 5 4 0 5

fn=(4474) 0x000000000007cc20
0 8 1 5 1 0 0 1
cfn=(4476) 0x000000000007c990
calls=1 0 
0 88 25 12 8 8 0 8 4
0 50 14 4 2 0 0 2
cfn=(4530) _IO_file_setbuf
calls=1 0 
0 66 17 24 7 0 0 7
0 43 13 11 4 0 0 4

fn=(2524) strcasecmp
0 3 1 1 1 1 0 1 1
cfn=(2526) 0x0000000000022100
calls=1 0 
0 59 4 14 7 0 1 7 0 1
0 9 4 0 1 0 0 1

fn=(3552) _IO_file_doallocate
0 11 3 4 2 1 0 2
cfn=(3554)
calls=1 0 
0 14 2 0 2 0 0 2
0 15 1 1 1 0 0 1
cfn=(3558) mmap
calls=1 0 
0 6 1 0 1 0 0 1
0 7 0 1
cfn=(3560) _IO_setb
calls=1 0 
0 21 5 5 1 0 0 1
0 20 6 1 2 0 0 2

fn=(3624)
0 96 12 0 2 0 0 2

fn=(3686) __errno_location
0 135 135 0 1 0 0 1

fn=(3854) 0x00000000000a0430
0 535 72 20 13 2 0 13 2

fn=(4088) open
0 133 38 0 1 0 0 1

fn=(2950)
0 54 5 0 4 2 0 4

fn=(3294) (below main)
0 21 1 10 2 0 0 2
cfn=(3160) __cxa_atexit
calls=1 0 
0 66 13 15 0 0 1
0 13 6 1 1 0 0 1
cob=(8) /home/kordax/Projects/litedet/build-release/litedet
cfi=(8) ???
cfn=(3296) __libc_csu_init
calls=1 0 
0 56 13 9 5 1 0 5
0 8 2 1
cfn=(3310) _setjmp
calls=1 0 
0 29 6 10 4 0 0 4
0 14 7 4 1 2 0 1
cob=(8)
cfi=(8)
cfn=(3318) main
calls=1 0 
0 175555 39268 24171 396 1534 423 393 941 314
0 2 0 1 1
cfn=(4212) exit
calls=1 0 
0 11008 3241 1346 91 180 7 80 4
0 2 0 0 1 0 0 1

fn=(3330) 0x00000000000a1cb0
0 1250 238 0 14 6 0 14 4

fn=(3354) 0x0000000000084250
0 24 3 13 3 2 3 3 0 2
cfn=(3376) 0x0000000000108e20
calls=1 0 
0 9 3 2 2 2 0 2 1
0 317 107 2 3 35 1 3 1
cfn=(3358) _dl_addr
calls=1 0 
0 58098 14265 239 16 1059 3 15 851
0 16 7 0 0 1

fn=(3468) __default_morecore
0 6 0 3 1 0 0 1
cfn=(3470) sbrk
calls=3 0 
0 110 27 15 3 4 0 3 1
0 18 3

fn=(3698) strcpy
0 6 3 0 1 0 0 1

fn=(4212)
0 4 0 1 1 0 0 1
cfn=(4214) 0x000000000003c070
calls=1 0 
0 11004 3241 1345 90 180 7 79 4

fn=(2552)
0 28 12 0 2 3 0 2

fn=(2628) __get_cpu_features
0 70 28 0 1 0 0 1

fn=(2924) 0x0000000000021c20
0 70 6 12 4 3 2 4 0 2
cfn=(2552)
calls=1 0 
0 7 3 0 0 1
0 8 1 2 1 0 1 1
cfn=(2552)
calls=1 0 
0 7 3
0 10 1 2
cfn=(2944)
calls=1 0 
0 78 12 5 6 3 1 6
0 1 0 1
cfn=(2956) __ctype_init
calls=1 0 
0 16 10 3 3 4 0 3
0 14 9 1 2 2 1 2 0 1

fn=(3310)
0 2 0 0 1 0 0 1
cfn=(3312)
calls=1 0 
0 27 6 10 3 0 0 3

fn=(3326) strstr
0 10 3 0 1 1 0 1

fn=(3348)
0 1016 242 194 1 1 0 1
cfn=(3404) 0x0000000000080700
calls=48 0 
0 9358 1164 1608 31 5 44 31 0 43
0 968 246 51 4 1 0 4 1
cfn=(3354)
calls=1 0 
0 58464 14385 256 24 1099 7 23 853 2
0 3 1
cfn=(3349) malloc'2
calls=1 0 
0 1190 85 322 43 15 36 43 6 34

fn=(3349)
0 21 5 4 1 3 0 1
cfn=(3404)
calls=1 0 
0 1149 75 317 41 12 36 41 6 34
0 20 5 1 1 0 0 1

fn=(3544) strlen
0 1230 165 0 3 10 0 3 10

fn=(3562)
0 477 110 109 3 0 0 3
cfn=(3568) _IO_file_write
calls=21 0 
0 903 210 105 4 0 2 4
0 546 189 126 2 0 0 2

fn=(3656) 0x00000000000bde20
0 432 24 132 2 2 0 2 2
cfn=(3544)
calls=12 0 
0 192 24 0 0 1 0 0 1
0 165 66 33 0 3 0 0 3
cfn=(3544)
calls=33 0 
0 528 66 0 0 5 0 0 5
0 180 0 45
cfn=(3666) 0x000000000008ce20
calls=45 0 
0 2065 377 332 3 0 0 3
0 393 189 45 1 0 0 1

fn=(3714) vfprintf
0 561 119 187 3 5 4 3
cfn=(3716) strchrnul
calls=17 0 
0 1034 155 0 6 8 0 6 7
0 204 51 68 1 0 0 1
cfn=(3546) _IO_file_xsputn
calls=17 0 
0 5956 1169 266 6 1 7 6
0 2040 578 646 16 6 4 16 2
cfn=(3716)
calls=17 0 
0 340 34 0 0 1 0 0 1
0 187 51 51 1 0 0 1
cfn=(3546)
calls=17 0 
0 3553 799 493 1 0 2 1
0 370 91 42 11 0 0 11
cfn=(3546)
calls=2 0 
0 146 26 18
0 159 47 2 2 0 0 2
cfn=(4164)
calls=2 0 
0 86 12 4 4 0 0 4
0 244 30 77 1 0 0 1
cfn=(3754) _IO_padn
calls=15 0 
0 5260 1023 431 4 2 3 4 1 1
0 330 105 60 2 0 0 2
cfn=(3546)
calls=15 0 
0 2632 507 175
0 663 397 17 5 4 0 5
cfn=(4206) 0x0000000000049880
calls=2 0 
0 44 4 2 3 1 0 3 1
0 74 20 16 7 0 0 7
cfn=(3754)
calls=2 0 
0 958 184 74
0 144 32 12 8 1 0 8 1
cfn=(3742)
calls=2 0 
0 24 10 2
0 183 66 34 3 0 0 3
cfn=(3742)
calls=17 0 
0 527 119 34 2 0 0 2
0 374 102 34 2 5 0 2 3

fn=(3754)
0 389 42 89 3 0 0 3
cfn=(3546)
calls=21 0 
0 3213 609 210 0 2 2 0 1
0 182 34 17 1 0 0 1
cfn=(3546)
calls=17 0 
0 2298 437 189 0 0 1 0 0 1
0 136 85

fn=(3778)
0 1448 349 221 18 0 0 18

fn=(4564) _Exit
0 5 1 0 1 0 0 1

fn=(2526)
0 59 4 14 7 0 1 7 0 1

fn=(2956)
0 16 10 3 3 4 0 3

fn=(3404)
0 2147 475 345 6 3 3 6 2 2
cfn=(3416) 0x000000000007f240
calls=1 0 
0 793 9 263 4 0 33 4 0 32
0 7110 610 1249 40 9 42 40 2 41
cfn=(3468)
calls=2 0 
0 108 22 14 4 3 0 4 1
0 72 20 6 5 1 0 5 1
cfn=(3468)
calls=1 0 
0 26 8 4 0 1
0 33 4 5 7 0 1 7 0 1
cfn=(3558)
calls=1 0 
0 6 1
0 212 90 39 6 0 1 6 0 1

fn=(3522) stpcpy
0 6 3 0 2 2 0 2

fn=(3542) puts
0 10 0 8 1 0 0 1
cfn=(3544)
calls=2 0 
0 68 10 0 3 4 0 3 4
0 51 22 8 3 6 0 3 2
cfn=(3546)
calls=1 0 
0 2281 651 299 27 3 1 27
0 4 2 1
cfn=(3546)
calls=1 0 
0 2573 715 299
0 56 20 8 3 0 0 2
cfn=(3566)
calls=2 0 
0 274 76 44 10 0 0 10
0 6

fn=(3558)
0 30 5 0 1 0 0 1

fn=(3576) putchar
0 39 16 8 4 0 0 4
cfn=(3566)
calls=1 0 
0 137 38 22
0 2

fn=(3654) readdir
0 1584 468 399 3 2 0 3
cfn=(3656)
calls=24 0 
0 3955 746 587 6 11 0 6 11
0 771 342 81 1 0 0 1

fn=(3716)
0 1374 189 0 6 9 0 6 8

fn=(3852) strcat
0 6 3 0 2 0 0 2

fn=(2558) gettimeofday
0 55 4 5 2 0 0 2
cfn=(2552)
calls=1 0 
0 7 3
0 6 1

fn=(2560) memcpy
0 20 7 0 4 0 0 4

fn=(2960) 0x0000000000021980
0 11 2 4 1 1 0 1
cfn=(2966)
calls=1 0 
0 734 80 27 12 8 0 12 8
0 4 1 1 1 0 0 1
cfn=(2966)
calls=1 0 
0 464 51 19
0 129 6 8 6 0 2 6 0 2

fn=(2976)
0 1086 116 18 7 8 0 7 8

fn=(3160)
0 32 0 16 2 0 0 2
cfn=(3162) 0x000000000003c1f0
calls=4 0 
0 170 32 29 6 3 2 6 1 2
0 56 20 16 0 0 2

fn=(3162)
0 170 32 29 6 3 2 6 1 2

fn=(3472) brk
0 39 6 3 1 0 0 1

fn=(3560)
0 21 5 5 1 0 0 1

fn=(3700) 0x000000000009d610
0 953 175 70 11 4 3 11 2 3

fn=(3838) close
0 21 6

fn=(4206)
0 44 4 2 3 1 0 3 1

fn=(4530)
0 3 0 2 1 0 0 1
cfn=(4532) 0x000000000007c4f0
calls=1 0 
0 51 14 16 6 0 0 6
0 12 3 6

fn=(4532)
0 8 2 4 2 0 0 2
cfn=(4534) _IO_file_sync
calls=1 0 
0 13 6 2 2 0 0 2
0 30 6 10 2 0 0 2

fn=(3358)
0 14 2 9 2 1 0 2
cob=(1)
cfi=(1)
cfn=(342) 0x0000000000001330
calls=1 0 
0 2 1 1 0 0 1
0 2 0 1
cob=(1)
cfi=(1)
cfn=(2601)
calls=1 0 
0 2044 603 218 4 23 0 4 2
0 5 3 2 2 2 0 1
0 56016 13648 5 5 1032 1 5 849
cob=(1)
cfi=(1)
cfn=(352) 0x0000000000001340
calls=1 0 
0 2 1 1 0 0 1
0 13 7 2 3 1 0 3

fn=(3416)
0 793 9 263 4 0 33 4 0 32

fn=(3470)
0 46 8 11 1 4 0 1 1
cfn=(3472)
calls=2 0 
0 26 4 2
0 21 12 1 1 0 0 1
cfn=(3472)
calls=1 0 
0 13 2 1 1 0 0 1
0 4 1

fn=(3546)
0 2055 93 636 2 0 4 2
cfn=(3718) 0x000000000008d190
calls=90 0 
0 2599 390 300 5 0 6 5 0 1
0 1711 675 109 2 1 0 2
cfn=(3548)
calls=19 0 
0 2211 581 376 18 2 2 18
0 293 38 2 1 0 0 1
cfn=(3564)
calls=2 0 
0 4182 1220 526 4 0 1 4
0 9601 1916 0 2 3 0 2 1

fn=(3550)
0 16 8 4 2 1 0 2
cfn=(3552)
calls=1 0 
0 94 18 12 9 1 0 9
0 2

fn=(3568)
0 462 42 105 2 0 2 2
cfn=(3570) write
calls=21 0 
0 147 42 0 1 0 0 1
0 294 126 0 1 0 0 1

fn=(3570)
0 147 42 0 1 0 0 1

fn=(3890) 0x0000000000098a50
0 232 47 34 2 0 4 2 0 4

fn=(4106) memset
0 16272 9 9252 4 0 275 4 0 213

fn=(4112) read
0 63 18 0 1 1 0 1

fn=(4214)
0 9 0 5 2 0 0 2
cfn=(4216)
calls=1 0 
0 1695 525 204 3 44 0 3
0 69 9 6 1 4 0 1
cfn=(4474)
calls=1 0 
0 255 70 56 22 8 0 22 4
0 5 0 1
cfn=(4564)
calls=1 0 
0 8 1 0 2 0 0 2
0 6 3 1 2 1 0 2
cob=(1)
cfi=(1)
cfn=(4234) 0x0000000000010560
calls=1 0 
0 8956 2633 1072 58 123 7 47
0 1

fn=(4476)
0 88 25 12 8 8 0 8 4

fn=(4534)
0 13 6 2 2 0 0 2

fn=(2556) strncasecmp
0 11 5 0 2 0 0 2

fn=(3076) 0x0000000000021be0
0 4 3

fn=(3376)
0 9 3 2 2 2 0 2 1

fn=(3556)
0 200 20 0 1 0 0 1

fn=(3666)
0 2065 377 332 3 0 0 3

fn=(3712) printf
0 323 34 170 4 2 0 4
cfn=(3714)
calls=17 0 
0 26093 5731 2745 88 34 20 88 16 1
0 34 17

fn=(3718)
0 2599 390 300 5 0 6 5 0 1

fn=(4158) msync
0 21 6 0 1 0 0 1

ob=(4) /lib/x86_64-linux-gnu/libm-2.19.so
fl=(4) ???
fn=(2640) __log_finite
0 2 0 1 1 0 0 1
cob=(3)
cfi=(3)
cfn=(2628)
calls=1 0 
0 5 2
0 1 1
0 8 2 0 1 0 0 1

fn=(2648) floor
0 1 0 1 1 0 0 1
cob=(3)
cfi=(3)
cfn=(2628)
calls=1 0 
0 5 2
0 1 1
0 5 2

fn=(2642) rintf
0 1 0 1 1 0 0 1
cob=(3)
cfi=(3)
cfn=(2628)
calls=1 0 
0 5 2
0 1 1
0 5 2

fn=(2652) __atan2_finite
0 2 0 1 1 0 0 1
cob=(3)
cfi=(3)
cfn=(2628)
calls=1 0 
0 5 2
0 1 1
0 8 2

fn=(2654) sin
0 2 0 1 1 0 0 1
cob=(3)
cfi=(3)
cfn=(2628)
calls=1 0 
0 5 2
0 1 1
0 8 2

fn=(2634) ceilf
0 1 0 1 1 0 0 1
cob=(3)
cfi=(3)
cfn=(2628)
calls=1 0 
0 5 2
0 1 1
0 5 2 0 1 0 0 1

fn=(4418) 0x0000000000005920
0 9 2 1 1 0 0 1

fn=(2646) floorf
0 1 0 1 1 0 0 1
cob=(3)
cfi=(3)
cfn=(2628)
calls=1 0 
0 5 2
0 1 1
0 5 2

fn=(2630) cos
0 2 0 1 1 0 0 1
cob=(3)
cfi=(3)
cfn=(2628)
calls=1 0 
0 5 2
0 1 1
0 8 2 0 1 0 0 1

fn=(2638) __pow_finite
0 2 0 1 1 0 0 1
cob=(3)
cfi=(3)
cfn=(2628)
calls=1 0 
0 5 2
0 1 1
0 5 2

fn=(4406) 0x0000000000005990
0 8 3 2 1 2 0 1
cob=(1)
cfi=(1)
cfn=(2601)
calls=1 0 
0 1690 510 192 0 11
0 5 3 2 1 2 0 1
0 1 0 1
cfn=(4418)
calls=1 0 
0 9 2 1 1 0 0 1
0 3 2 1 1

fn=(2632) rint
0 1 0 1 1 0 0 1
cob=(3)
cfi=(3)
cfn=(2628)
calls=1 0 
0 5 2
0 1 1
0 5 2

fn=(2650) __asin_finite
0 2 0 1 1 0 0 1
cob=(3)
cfi=(3)
cfn=(2628)
calls=1 0 
0 5 2
0 1 1
0 5 2

fn=(3108) 0x00000000000059d0
0 16 3 1 3 0 0 3

fn=(2592) __exp_finite
0 2 0 1 1 0 0 1
cob=(1)
cfi=(1)
cfn=(2600) 0x00000000000164e0
calls=1 0 
0 1786 527 195 10 12 3 10 8 1
0 5 3 2 2 0 0 2
0 8 2 0 1 0 0 1

fn=(2644) __acos_finite
0 2 0 1 1 0 0 1
cob=(3)
cfi=(3)
cfn=(2628)
calls=1 0 
0 5 2
0 1 1
0 5 2

fn=(2636) ceil
0 1 0 1 1 0 0 1
cob=(3)
cfi=(3)
cfn=(2628)
calls=1 0 
0 5 2
0 1 1
0 5 2 0 1 0 0 1

ob=(6) /lib/x86_64-linux-gnu/libgcc_s.so.1
fl=(6) ???
fn=(3096) 0x0000000000002fe0
0 17 3 1 3 0 0 3

fn=(3090) 0x0000000000002ab0
0 75 3 2 5 0 0 5

fn=(4440) 0x0000000000002f10
0 9 2 1 2 0 0 1

fn=(3084) __cpu_indicator_init
0 32 9 8 2 1 0 2
cfn=(3086) 0x0000000000002bc0
calls=1 0 
0 20 2 5 1 0 0 1
0 13 3 1 1 0 0 1
cfn=(3086)
calls=1 0 
0 20 2 5
0 34 5 1 2 1 0 2 1
cfn=(3090)
calls=1 0 
0 75 3 2 5 0 0 5
0 10 2 3 2 0 0 2

fn=(3086)
0 40 4 10 1 0 0 1

fn=(4426) 0x0000000000002fa0
0 8 3 2 2 3
cob=(1)
cfi=(1)
cfn=(2601)
calls=1 0 
0 1690 510 192 0 13
0 5 3 2 1 1 0 1
0 1 0 1
cfn=(4440)
calls=1 0 
0 9 2 1 2 0 0 1
0 3 2 1

ob=(2) ???
fl=(2) ???
fn=(3080) 0x00000000052327c0
0 6 2 0 1 1 0 1

fn=(4372) 0x0000000004a25778
0 3 1 0 2 0 0 2

fn=(4424) 0x0000000004f9e1b8
0 3 1 0 2 0 0 2

fn=(3298) 0x0000000000400b48
0 6 2

fn=(2882) 0x0000000004a254d8
0 6 2 0 1

fn=(3104) 0x0000000004f2f400
0 6 2 0 0 1

fn=(3116) 0x0000000004c7ec48
0 6 2 0 1 1 0 1

fn=(4328) 0x0000000000401cd4
0 3 1

fn=(4404) 0x0000000004ce499c
0 3 1 0 1 0 0 1

fn=(4446) 0x0000000005242998
0 3 1 0 1 0 0 1

ob=(8)
fl=(8)
fn=(3296)
0 16 0 7 2 0 0 2
cob=(2)
cfi=(2)
cfn=(3298)
calls=1 0 
0 6 2
0 7 1 1 0 1
cfn=(3302) 0x0000000000401160
calls=1 0 
0 16 3 1 2 0 0 2
0 11 7 0 1 0 0 1

fn=(4312) 0x0000000000401140
0 5 1 2
cfn=(4316) 0x00000000004010c0
calls=1 0 
0 8 2 1 1 0 0 1
0 3 2 1

fn=(4100) sign_get
0 81 0 45 1 0 1 1 0 1
cob=(3)
cfi=(3)
cfn=(4088)
calls=9 0 
0 63 18
0 9 9
0 63 0 9 1 0 0 1
cob=(3)
cfi=(3)
cfn=(3556)
calls=9 0 
0 90 9
0 9 9
0 81 18 9 0 1 0 0 1
cob=(3)
cfi=(3)
cfn=(3348)
calls=9 0 
0 1795 265 335 0 0 9 0 0 8
0 9 9
0 45 0 9 1 0 0 1
cob=(3)
cfi=(3)
cfn=(4106)
calls=8 0 
0 14464 8 8224 0 0 47
cob=(1)
cfi=(1)
cfn=(2601)
calls=1 0 
0 3279 482 1233 4 10 235 4 1 220
0 13 11 2
0 36 0 9
cob=(3)
cfi=(3)
cfn=(4112)
calls=8 0 
0 56 16
cob=(1)
cfi=(1)
cfn=(2601)
calls=1 0 
0 1457 487 207 1 11 0 1
0 13 11 2
0 306 0 234 1 0 4 1 0 3
cob=(3)
cfi=(3)
cfn=(3700)
calls=9 0 
0 362 65 27 0 2
0 9 9
0 1215 273 57 3 2 0 3

fn=(3286) 0x000000000040108d
0 11 1 3 1 0 0 1
cob=(1)
cfi=(1)
cfn=(2600)
calls=1 0 
0 188560 43098 25775 502 1730 432 487 948 314
0 5 3 2 2 3 0 2

fn=(3302)
0 16 3 1 2 0 0 2

fn=(3318)
0 79 15 9 4 1 0 4 1
cfn=(3342) get_real_path
calls=1 0 
0 62914 15477 1024 88 1200 50 87 862 36
0 5 1 1 1 1 0 1
cob=(1)
cfi=(1)
cfn=(2601)
calls=1 0 
0 3965 1201 541 46 26 2 46 4
0 5 3 2 1 0 0 1
0 4 1 1
cob=(3)
cfi=(3)
cfn=(3348)
calls=1 0 
0 224 39 37 5 0 1 5 0 1
0 1 1
0 5 0 2 1 0 0 1
cfn=(3612) walk
calls=1 0 
0 56704 13317 8840 165 150 67 165 40 42
0 2 0 1
cfn=(4082) scan
calls=1 0 
0 41375 6487 12531 42 122 303 42 17 235
0 4 1 1
cob=(3)
cfi=(3)
cfn=(3542)
calls=1 0 
0 2808 780 333 1 2 0 0 2
0 1 1
0 4 1 1 1
cob=(3)
cfi=(3)
cfn=(3712)
calls=1 0 
0 1806 384 184 26 2 0 26 2
0 1 1
0 4 1 1
cob=(3)
cfi=(3)
cfn=(3712)
calls=1 0 
0 1753 373 182 0 2 0 0 2
0 1 1
0 39 25 6 2 3 0 2 1
cob=(3)
cfi=(3)
cfn=(3330)
calls=5 0 
0 230 40 0 0 1 0 0 1
cob=(1)
cfi=(1)
cfn=(2601)
calls=1 0 
0 1538 493 206 7 13 0 7 5
0 10 8 2 1 0 0 1
0 42 6 12 0 1 0 0 1
cob=(3)
cfi=(3)
cfn=(3330)
calls=6 0 
0 276 48
0 6 6
0 26 0 7 1 0 0 1
cob=(1)
cfi=(1)
cfn=(2601)
calls=1 0 
0 1717 554 245 4 10 0 4 3
0 5 3 2
0 1

fn=(3342)
0 6 0 4 1 0 0 1
cob=(1)
cfi=(1)
cfn=(2601)
calls=1 0 
0 61122 14939 768 72 1117 43 71 860 36
0 5 3 2
0 3 0 1
cob=(3)
cfi=(3)
cfn=(3348)
calls=1 0 
0 193 28 30 2 0 0 2
0 1 1 0 0 1
0 25 1 3 1 0 0 1
cob=(1)
cfi=(1)
cfn=(2601)
calls=1 0 
0 1504 490 208 6 79 7 6 2
0 5 3 2 1 2 0 1
0 20 1 2 1 0 0 1
cob=(3)
cfi=(3)
cfn=(3524)
calls=1 0 
0 22 6 2 4 0 0 4
0 1 1
0 7 4 2 0 1

fn=(4082)
0 61 11 9 2 0 0 2
cob=(3)
cfi=(3)
cfn=(3558)
calls=2 0 
0 12 2
cob=(1)
cfi=(1)
cfn=(2601)
calls=1 0 
0 1499 493 207 0 9 0 0 2
0 7 5 2
0 15 0 3
cfn=(4098) scanpat
calls=3 0 
0 25044 1986 10565 27 34 299 27 4 235
0 15 3 3
cob=(3)
cfi=(3)
cfn=(4158)
calls=2 0 
0 14 4
cob=(1)
cfi=(1)
cfn=(2601)
calls=1 0 
0 1366 450 185 1 15 0 1 1
0 7 5 2
0 22 2 4 1 1 0 1
cob=(3)
cfi=(3)
cfn=(3712)
calls=2 0 
0 3303 734 339 2 18 4 2 1
0 2 2
0 8 0 2
cob=(3)
cfi=(3)
cfn=(3712)
calls=2 0 
0 3672 774 376 6 5 0 6 4
0 2 2
0 13 5 3
cob=(3)
cfi=(3)
cfn=(4170)
calls=2 0 
0 10 2
cob=(1)
cfi=(1)
cfn=(2601)
calls=1 0 
0 1542 493 205 0 13 0 0 1
0 7 5 2
0 12 0 3
cob=(3)
cfi=(3)
cfn=(3838)
calls=2 0 
0 14 4
cob=(1)
cfi=(1)
cfn=(2601)
calls=1 0 
0 1468 482 205 0 10 0 0 1
0 7 5 2
0 81 19 9 0 1
cob=(3)
cfi=(3)
cfn=(4088)
calls=9 0 
0 63 18
0 9 9
0 4 1 1 1 0 0 1
cob=(1)
cfi=(1)
cfn=(2601)
calls=1 0 
0 1344 446 185 1 7 0 1 2
0 5 3 2
0 70 0 10
cob=(3)
cfi=(3)
cfn=(3556)
calls=9 0 
0 90 9
cob=(1)
cfi=(1)
cfn=(2601)
calls=1 0 
0 1545 494 205 0 7 0 0 1
0 14 12 2
0 28 7 0 1 2 0 1

fn=(4098)
0 54 0 27 2 0 0 2
cob=(3)
cfi=(3)
cfn=(3330)
calls=6 0 
0 698 142 0 9 4 0 9 2
0 6 6
0 36 0 9
cfn=(4100)
calls=9 0 
0 23455 1699 10402 12 26 296 12 2 232
0 72 21 3 1 1 0 1
cob=(3)
cfi=(3)
cfn=(3544)
calls=3 0 
0 102 15
0 3 3
0 9 0 3
cob=(3)
cfi=(3)
cfn=(3348)
calls=3 0 
0 513 78 105 2 3 3 2 0 3
0 3 3
0 15 0 3
cob=(3)
cfi=(3)
cfn=(3890)
calls=3 0 
0 60 13 10
0 3 3
0 15 3 3 1 0 0 1

fn=(3612)
0 11 0 7 2 0 0 2
cob=(3)
cfi=(3)
cfn=(3348)
calls=1 0 
0 184 27 30 0 0 1 0 0 1
0 1 1
0 3 0 1
cob=(1)
cfi=(1)
cfn=(2601)
calls=1 0 
0 2794 859 393 9 29 7 9 1 1
0 5 3 2 1 0 0 1
0 7 0 1
cob=(1)
cfi=(1)
cfn=(2601)
calls=1 0 
0 2421 641 321 10 16 0 10 8
0 5 3 2
0 8 0 4
cob=(3)
cfi=(3)
cfn=(3654)
calls=4 0 
0 156 56 32
0 4 4
0 29 0 14
cob=(3)
cfi=(3)
cfn=(3686)
calls=13 0 
0 39 39
cob=(1)
cfi=(1)
cfn=(2601)
calls=1 0 
0 1788 543 207 1 11 0 1 2
0 18 16 2 0 1
0 574 14 462 1 0 0 1
cob=(3)
cfi=(3)
cfn=(3524)
calls=14 0 
0 378 70 28 1 1 0 1 1
0 14 14
0 598 76 30 2 0 0 2
cob=(3)
cfi=(3)
cfn=(3700)
calls=9 0 
0 196 40 10 1 0 0 1
cob=(1)
cfi=(1)
cfn=(2601)
calls=1 0 
0 1422 460 187 7 12 0 7 2
0 14 12 2 1 0 0 1
0 40 0 10
cob=(3)
cfi=(3)
cfn=(3712)
calls=9 0 
0 13016 2870 1501
cob=(1)
cfi=(1)
cfn=(2601)
calls=1 0 
0 2840 771 352 58 19 11 58 9 1
0 14 12 2
0 30 0 10
cfn=(3613) walk'2
calls=10 0 
0 28271 6386 4960 57 59 44 57 16 35
0 20 0 10
cob=(3)
cfi=(3)
cfn=(3654)
calls=10 0 
0 414 145 85 0 1
0 10 10
0 33 0 1
cob=(3)
cfi=(3)
cfn=(3772)
calls=1 0 
0 135 33 21
0 1 1
0 22 7 6
cob=(3)
cfi=(3)
cfn=(3854)
calls=2 0 
0 101 15 4 2 0 0 2
0 2 2
0 6 0 2
cob=(3)
cfi=(3)
cfn=(3700)
calls=2 0 
0 56 11 5 0 0 1 0 0 1
0 2 2
0 6 0 2
cfn=(3878) fs_pushback
calls=2 0 
0 1008 170 134 12 1 3 12 1 3
0 8 4

fn=(3613)
0 121 0 77
cob=(3)
cfi=(3)
cfn=(3348)
calls=11 0 
0 3404 428 484 4 1 15 4 0 15
0 11 11
0 33 0 11
cob=(3)
cfi=(3)
cfn=(3618)
calls=11 0 
0 2955 488 546 4 0 6 4 0 6
0 11 11
0 77 0 11
cob=(3)
cfi=(3)
cfn=(3654)
calls=11 0 
0 3255 681 511 0 5 0 0 5
0 11 11
0 60 0 30
cob=(3)
cfi=(3)
cfn=(3654)
calls=30 0 
0 1410 470 290
0 30 30
0 154 0 31
cob=(3)
cfi=(3)
cfn=(3686)
calls=31 0 
0 93 93
0 31 31
0 1271 31 1023
cob=(3)
cfi=(3)
cfn=(3524)
calls=31 0 
0 848 158 70
0 31 31
0 165 46 3
cob=(3)
cfi=(3)
cfn=(3700)
calls=1 0 
0 24 4 2 1 0 0 1
0 1 1
0 4 0 1
cob=(3)
cfi=(3)
cfn=(3712)
calls=1 0 
0 1453 328 166 0 0 5
0 1 1
0 3 0 1
cfn=(3613)
calls=1 0 
0 1718 333 349 2 2 6 2 2 6
0 2 0 1
cob=(3)
cfi=(3)
cfn=(3654)
calls=1 0 
0 63 19 13
0 1 1
0 6 0 1
cob=(3)
cfi=(3)
cfn=(3772)
calls=1 0 
0 135 33 21
0 1 1
0 20 0 10 1 0 0 1
cob=(3)
cfi=(3)
cfn=(3772)
calls=9 0 
0 1215 297 189 1 0 0 1
cob=(1)
cfi=(1)
cfn=(2601)
calls=1 0 
0 2783 908 397 18 20 3 18 2
0 14 12 2 0 1
0 144 77 24 1 0 0 1
cob=(3)
cfi=(3)
cfn=(3854)
calls=7 0 
0 381 51 14 2 1 0 2 1
cob=(1)
cfi=(1)
cfn=(2601)
calls=1 0 
0 1533 490 208 11 8 0 11 2
0 12 10 2
0 24 0 8
cob=(3)
cfi=(3)
cfn=(3700)
calls=8 0 
0 295 50 25 3 1 2 3 1 2
0 8 8
0 24 0 8
cfn=(3878)
calls=8 0 
0 6121 1559 780 10 22 13 10 5 12
0 32 16 0 1 0 0 1

fn=(3878)
0 90 0 50 2 0 0 2
cob=(3)
cfi=(3)
cfn=(3544)
calls=9 0 
0 306 45
cob=(1)
cfi=(1)
cfn=(2601)
calls=1 0 
0 1524 496 207 0 8 1 0 2
0 14 12 2
0 920 240 10 2 3 0 2 1
cob=(3)
cfi=(3)
cfn=(3348)
calls=10 0 
0 2458 343 383 13 1 11 13 0 11
0 10 10
0 50 0 20
cob=(3)
cfi=(3)
cfn=(3890)
calls=9 0 
0 156 31 22 0 0 3 0 0 3
cob=(1)
cfi=(1)
cfn=(2601)
calls=1 0 
0 1517 490 208 4 11 1 4 3 1
0 14 12 2 1 0 0 1
0 70 50 10

fn=(4316)
0 8 2 1 1 0 0 1

ob=(1)
fl=(1)
fn=(0) 0x00000000000012d0
0 2 0 1 1 0 1 1 0 1
cfn=(2) 0x0000000000004a70
calls=1 0 
0 2045771 479838 183368 625 7936 1519 622 4947 1152
0 14 3 2 1
cfn=(2866) 0x00000000000101b0
calls=1 0 
0 9552 2438 1170 116 150 27 115 29 18
0 3
cob=(8)
cfi=(8)
cfn=(3286)
calls=1 0 
0 188576 43102 25780 505 1733 432 490 948 314

fn=(596) 0x0000000000019650
0 108 18 0 1 0 0 1

fn=(778) free
0 30 15 5 2 0 0 1

fn=(1392) 0x0000000000006020
0 336 64 144 4 0 1 4 0 1
cfn=(540) 0x000000000001a9c0
calls=8 0 
0 304 52 44 0 0 1 0 0 1
0 350 102 22 3 0 0 3
cfn=(540)
calls=14 0 
0 254 28 14
0 56 28 14
cfn=(540)
calls=14 0 
0 394 60 46
0 140 70 14 1 0 0 1
cfn=(1412) 0x0000000000005b20
calls=14 0 
0 546 140 140 4 0 1 4 0 1
0 242 70 16 2 0 0 2
cfn=(1432) 0x0000000000019410
calls=8 0 
0 98 8 6 1 0 0 1
0 278 98 24 3 0 0 3

fn=(1982) 0x0000000000011640
0 542 127 134 4 4 0 4 4
cfn=(932) 0x00000000000111c0
calls=47 0 
0 3006 915 190
0 450 201 6 1 8 0 1 8
cfn=(2004) 0x00000000000112a0
calls=3 0 
0 677 236 27 4 15 0 4 15
0 54 18 36
cfn=(2004)
calls=18 0 
0 3155 1079 162 0 20 0 0 19
0 902 232 9 4 18 0 4 18
cfn=(286) calloc
calls=6 0 
0 258 42 30
0 6 6
0 1942 652 312 4 1 40 4 0 39

fn=(184) 0x00000000000181e0
0 17 5 2 2 0 0 2

fn=(200) 0x0000000000017a20
0 318 109 2 2 25 0 2 25

fn=(286)
0 136 0 0 1 0 0 1
cfn=(290) malloc
calls=17 0 
0 604 106 88 4 3 0 4
0 17 17

fn=(290)
0 129 0 0 1 0 0 1
cfn=(294) __libc_memalign
calls=43 0 
0 1379 231 224 5 3 0 5
0 43 43

fn=(674) 0x0000000000007f40
0 38 0 26 1 0 0 1
cfn=(676) 0x00000000000180f0
calls=2 0 
0 792 236 2 2 0 0 2
0 14 2 2 1 0 0 1
cfn=(698) 0x0000000000007dd0
calls=2 0 
0 409 59 37 8 1 1 8 1 1
0 6 0 2
cfn=(160) 0x0000000000019ca0
calls=2 0 
0 111 10
0 24 5 1 2 0 0 2
cfn=(160)
calls=1 0 
0 16 2
0 11 2 5 1 0 0 1
cfn=(290)
calls=1 0 
0 34 6 5
0 1 1
0 9 2 4
cfn=(290)
calls=1 0 
0 34 6 5
0 1 1
0 22 4 6 1 0 2 1 0 2
cfn=(540)
calls=2 0 
0 76 13 11 0 0 2 0 0 2
0 82 13 13 3 0 0 3
cfn=(300) 0x000000000001abf0
calls=1 0 
0 18 2 1
0 9 1 5
cfn=(778)
calls=1 0 
0 6 3 1 1 0 0 1
0 1 1 0 1 0 0 1
0 8 1 4
cfn=(778)
calls=1 0 
0 6 3 1
0 1 1
0 6 4 2 1 0 0 1
cfn=(676)
calls=2 0 
0 12 6
0 103 36 8 4 0 0 4

fn=(904) 0x0000000000000ae0
0 17 1 8 1 0 0 1
cfn=(906) 0x000000000000ff80
calls=1 0 
0 2361 490 283 79 17 31 79 17 31
0 11 6 0 1 0 0 1

fn=(908) 0x0000000000001320
0 26 13

fn=(1412)
0 324 36 144 2 0 1 2 0 1
cfn=(984) 0x00000000000194d0
calls=18 0 
0 146 18 14
0 90 4 30 1 0 0 1
cfn=(994) 0x00000000000194f0
calls=4 0 
0 20 4
0 56 4 8 1 0 0 1
cfn=(234) 0x000000000001a300
calls=4 0 
0 352 92 24
0 36 4 4
cfn=(234)
calls=4 0 
0 320 84 24
0 456 74 2 4 0 0 4
cfn=(234)
calls=2 0 
0 146 24 12
0 16 0 4 1 0 0 1
cfn=(234)
calls=4 0 
0 320 84 32 3 0 0 3
0 218 142 0 3 0 0 3

fn=(1490) 0x0000000000011020
0 11 0 5 2 0 0 2
cfn=(984)
calls=1 0 
0 5 1
0 7 0 1
cfn=(1050) 0x0000000000019450
calls=1 0 
0 10 1
0 8 1 2 0 0 1 0 0 1
cfn=(1282) 0x0000000000019630
calls=1 0 
0 5 1
0 13 5 1 1 0 0 1
cfn=(596)
calls=1 0 
0 6 1
0 2

fn=(2306) 0x0000000000009ef0
0 186526 69799 33486 7 773 11 7 106 3
cfn=(932)
calls=216 0 
0 11292 3504 864 0 65 1
0 38582 14233 3829 4 5 0 4
cfn=(342)
calls=50 0 
0 100 50 50 0 0 2 0 0 1
0 3191 594 199 3 44 0 3 27
cfn=(2710) 0x0000000000011230
calls=2 0 
0 144 14 0 1 2 0 1 1
0 8 0 2 1 0 0 1
cfn=(286)
calls=2 0 
0 107 18 12 0 2
0 2 2 0 0 2
0 2384 393 284 2 76 0 2 57
cfn=(778)
calls=2 0 
0 12 6 2 1
0 462 302 108 2 2 0 2
cfn=(352)
calls=50 0 
0 100 50 50
0 2471 422 201 4 3 0 4 2
cfn=(286)
calls=1 0 
0 43 7 5 0 1
0 1 1 0 0 1
0 132395 40145 41609 4 32 5 4 5 1
cfn=(2336) 0x0000000000009d70
calls=6513 0 
0 219836 81067 32004 4 86 11 4 19 1
0 549493 79351 9964 7 1551 0 7 416
cfn=(2336)
calls=1243 0 
0 173802 58616 7506 3 326 0 2 171
0 6215 3729

fn=(2866)
0 103 25 12 2 1 0 2
cfn=(2872) 0x00000000000100a0
calls=6 0 
0 9352 2381 1147 105 147 26 105 29 18
0 17 8 1 2 0 0 2
cfn=(2872)
calls=1 0 
0 78 24 9 7 2 1 6
0 2 0 1

fn=(4222) __tls_get_addr
0 11 7 0 1 3 0 1

fn=(300)
0 976 147 122 6 0 14 6 0 14

fn=(698)
0 33 0 18 1 0 1 1 0 1
cfn=(700) 0x0000000000019a50
calls=3 0 
0 141 18 0 6 1 0 6 1
0 12 0 3
cfn=(160)
calls=3 0 
0 197 18
0 9 0 3 1 0 0 1
cfn=(290)
calls=3 0 
0 102 18 15
0 3 3
0 165 38 20 0 0 1 0 0 1

fn=(1050)
0 60 6 0 1 0 0 1

fn=(1178) 0x00000000000196a0
0 45 9 0 1 0 0 1

fn=(1348) 0x000000000000dac0
0 1110 211 86 9 4 0 9
cfn=(700)
calls=11 0 
0 301 39 0 0 5 0 0 5
0 99 44 22 1 0 0 1
cfn=(906)
calls=11 0 
0 29572 5418 7206 80 115 160 80 115 160
0 205 52 45 2 1 0 2
cfn=(290)
calls=5 0 
0 170 30 25
0 5 5
0 55 0 10 1 0 0 1
cfn=(300)
calls=5 0 
0 129 18 13 0 0 2 0 0 2
0 20 0 5
cfn=(300)
calls=5 0 
0 129 18 13 0 0 2 0 0 2
0 95 33 13 3 0 0 3
cfn=(290)
calls=1 0 
0 55 10 7
0 1 1
0 108 37 21 4 0 1 4 0 1
cfn=(608) 0x000000000001a9b0
calls=1 0 
0 20 1 14
0 443 104 24 3 0 0 3
cfn=(608)
calls=5 0 
0 60 5 30
0 527 57 15 7 1 0 7
cfn=(300)
calls=1 0 
0 51 9 8
0 4 0 1

fn=(1484) 0x0000000000016d40
0 104 19 36 2 0 0 2
cfn=(510) 0x0000000000019530
calls=4 0 
0 36 4 4
0 538 74 43 2 26 0 2 26
cfn=(1560) 0x0000000000016c50
calls=31 0 
0 2595 391 0 4 28 0 4 28
0 141 0 1 2 0 0 2
cfn=(1490)
calls=1 0 
0 67 10 9 3 0 1 3 0 1
0 10 1 1 1 0 0 1
cfn=(234)
calls=1 0 
0 112 29 6 0 2 0 0 2
0 15 1 3 1 0 0 1
cfn=(234)
calls=1 0 
0 111 20 6 6 2 0 6 2
0 142 26 11 1 3 0 1 3
cfn=(1560)
calls=7 0 
0 821 121 0 0 5 0 0 5
0 12 0 4 1 0 0 1
cfn=(1560)
calls=4 0 
0 706 102 0 0 2 0 0 2
0 254 88 0 6 0 0 6

fn=(2180) 0x0000000000001014
0 22 8 7 3 1 0 3

fn=(2710)
0 144 14 0 1 2 0 1 1

fn=(160)
0 1902 213 0 5 4 0 5 4

fn=(198) 0x0000000000001910
0 41 3 19 4 0 6 4 0 6
cfn=(200)
calls=1 0 
0 120 41 1 2 11 0 2 11
0 4 2 2
cfn=(200)
calls=2 0 
0 198 68 1 0 14 0 0 14
0 157 23 1 2 0 0 2
cfn=(234)
calls=1 0 
0 120 31 6 3 1 1 3 1 1
0 9 0 2 2 0 0 2
cfn=(234)
calls=1 0 
0 26 9 6 0 1 0 0 1
0 19 4 1 4 0 0 4
cfn=(276) 0x000000000000baa0
calls=1 0 
0 248 31 51 19 2 13 19 2 13
0 12 3 4 1 0 1 1 0 1
cfn=(340) 0x000000000000ba10
calls=1 0 
0 34 8 9 4 0 1 4 0 1
0 128 21 6 6 5 0 6 5
cfn=(410) 0x0000000000019c70
calls=1 0 
0 7 3 0 1 2 0 1 2
0 262 41 32 8 8 6 8 8 6
cfn=(102) 0x000000000000b960
calls=1 0 
0 14 5 3 0 1 0 0 1
0 7 1 2 2 0 0 2
cfn=(466) 0x0000000000017840
calls=1 0 
0 93 16 7 5 1 1 5 1 1
0 65 21 11 7 3 2 7 3 2
cfn=(234)
calls=1 0 
0 80 21 6 0 1 0 0 1
0 7 1 2 2 0 0 2
cfn=(502) 0x0000000000008700
calls=1 0 
0 3488 669 381 74 5 18 74 5 18
0 3 1 1 1 0 0 1
cfn=(838) 0x0000000000010980
calls=1 0 
0 17 4 4 2 0 0 2
0 63 18 17 5 3 1 5 3 1
cfn=(864) _dl_debug_state
calls=1 0 
0 1 1 0 1 0 0 1
0 12 4 1 1 0 0 1
cfn=(510)
calls=1 0 
0 9 1 1
0 19 2 1 1 0 0 1
cfn=(1348)
calls=1 0 
0 33159 6092 7558 110 126 165 110 120 165
0 146 25 17 8 0 1 8
cfn=(1968) 0x0000000000010040
calls=1 0 
0 11149 3542 931 23 66 40 23 64 39
0 5 2 2
cfn=(2098) 0x0000000000000ec8
calls=1 0 
0 671 73 337 15 3 38 15 1 38
0 4 1 2 1 0 0 1
cfn=(2180)
calls=1 0 
0 22 8 7 3 1 0 3
0 24 8 6 4 0 0 4
cfn=(2812) _dl_allocate_tls_init
calls=1 0 
0 370 44 212 7 4 5 7 0 4
0 8 3 1 1 1 0 1
cfn=(2834) 0x0000000000017680
calls=1 0 
0 1 1 0 1 0 0 1
0 6 1 1
cfn=(838)
calls=1 0 
0 8 3 0 0 1
0 2 0 2
cfn=(864)
calls=1 0 
0 1 1
0 1 0 1
cfn=(2844) 0x0000000000017380
calls=1 0 
0 15 4 2 1 2 0 1
0 21 9 2 2 2 0 2
cfn=(2214) 0x000000000000c0d0
calls=1 0 
0 10838 3346 1422 0 85 4 0 11
0 148 42 16 3 10 1 3
cfn=(2214)
calls=6 0 
0 1979022 464468 171836 146 7506 1156 145 4633 800
0 59 12 4 2 3 0 2
cfn=(2582) 0x00000000000133f0
calls=2 0 
0 40 16 10 3 5 2 3
0 12 1 2 4 0 0 4
cfn=(160)
calls=1 0 
0 95 10 0 0 1 0 0 1
0 8 0 1 1 0 0 1
cfn=(300)
calls=1 0 
0 67 11 10 3 0 0 3
0 11 0 2
cfn=(676)
calls=1 0 
0 861 269 1
0 3 0 1
cfn=(676)
calls=1 0 
0 6 3
0 15 2 1 1 0 0 1
cfn=(904)
calls=1 0 
0 2389 497 291 81 17 31 81 17 31
0 14 1 2 2 0 0 2

fn=(1744) 0x0000000000012750
0 16 6 2 1 0 0 1

fn=(1972) 0x00000000000018d0
0 6 2 2 1 0 0 1
cfn=(1974) 0x0000000000011ab0
calls=1 0 
0 11109 3527 917 20 66 40 20 64 39
0 4 2

fn=(2118) 0x0000000000012830
0 107 19 11 6 0 0 6

fn=(2142) 0x0000000000012ac0
0 7 2 4 1 0 0 1
cfn=(294)
calls=1 0 
0 51 9 7
0 1 1
0 315 1 289 2 0 36 2 0 36
cfn=(286)
calls=1 0 
0 43 7 5
0 1 1
0 10 4 2 0 0 1 0 0 1

fn=(2290) 0x000000000000a860
0 451372 61457 27786 6 1221 16 6 1040 3
cfn=(2306)
calls=1263 0 
0 1327166 352303 130175 43 2971 30 41 804 6
0 45330 18865 2527 5 9 0 5 1

fn=(4234)
0 23 2 11 3 2 0 3
cfn=(342)
calls=1 0 
0 2 1 1
0 128 39 31 3 1 5 3
cfn=(4260) 0x00000000000102d0
calls=1 0 
0 669 155 79 7 7 0 6
0 2 1 1 1 0 0 1
cfn=(352)
calls=1 0 
0 2 1 1 1
0 137 51 12 1 15 0 1
cob=(6)
cfi=(6)
cfn=(4426)
calls=1 0 
0 1716 520 199 5 17 0 2
cob=(4)
cfi=(4)
cfn=(4406)
calls=1 0 
0 1716 520 199 4 15 0 3
cob=(7)
cfi=(7)
cfn=(4374) 0x000000000005bcc0
calls=1 0 
0 3115 907 362 8 33 2 6
cob=(5) /usr/local/lib/valgrind/vgpreload_core-amd64-linux.so
cfi=(5) ???
cfn=(4338) 0x00000000000005d0
calls=1 0 
0 1277 378 158 13 24 0 10
cob=(8)
cfi=(8)
cfn=(4312)
calls=1 0 
0 16 5 4 1 0 0 1
0 45 15 5 1 6 0 1
cob=(2)
cfi=(2)
cfn=(4446)
calls=1 0 
0 3 1 0 1 0 0 1
cob=(2)
cfi=(2)
cfn=(4424)
calls=1 0 
0 3 1 0 2 0 0 2
cob=(2)
cfi=(2)
cfn=(4404)
calls=1 0 
0 3 1 0 1 0 0 1
cob=(2)
cfi=(2)
cfn=(4372)
calls=1 0 
0 3 1 0 2 0 0 2
cob=(2)
cfi=(2)
cfn=(4328)
calls=1 0 
0 3 1
0 93 33 9 4 3 0 4

fn=(4260)
0 27 0 13 2 0 0 2
cfn=(608)
calls=1 0 
0 20 1 14 1
0 59 13 16 1 0 0 1
cfn=(608)
calls=5 0 
0 60 5 30
0 503 136 6 3 7 0 3

fn=(276)
0 90 0 66 2 0 3 2 0 3
cfn=(160)
calls=6 0 
0 351 45 0 0 1 0 0 1
0 120 12 12 1 0 0 1
cfn=(286)
calls=6 0 
0 263 42 31 5 0 0 5
0 6 6 0 1 0 0 1
0 72 12 24 1 0 13 1 0 13
cfn=(300)
calls=6 0 
0 178 27 21 3 0 7 3 0 7
0 360 58 81 5 6 19 5 6 19
cfn=(160)
calls=5 0 
0 334 31
0 139 57 21 3 0 6 3 0 6
cfn=(540)
calls=5 0 
0 190 32 27 3 0 4 3 0 4
0 366 84 10 2 0 0 2
cfn=(290)
calls=5 0 
0 191 34 27
0 5 5
0 25

fn=(340)
0 54 12 24 2 0 0 2
cfn=(342)
calls=6 0 
0 12 6 6 1 0 1 1 0 1
0 208 50 29 1 0 1 1 0 1

fn=(502)
0 14 2 7 1 0 0 1
cfn=(504) 0x000000000000ece0
calls=1 0 
0 351 51 56 23 1 5 23 1 5
0 3 0 2 1 0 0 1
cfn=(290)
calls=1 0 
0 34 6 5
0 1 1
0 16 1 4 1 0 0 1
cfn=(290)
calls=1 0 
0 55 10 7 2 0 0 2
0 1 1
0 48 5 21 2 0 1 2 0 1
cfn=(608)
calls=4 0 
0 88 4 64 1 0 1 1 0 1
0 96 25 22 6 2 5 6 2 5
cfn=(700)
calls=1 0 
0 47 6
0 4 0 1
cfn=(160)
calls=1 0 
0 76 9
0 8 0 1 1 0 0 1
cfn=(300)
calls=1 0 
0 40 7 6
0 248 31 1 1 0 0 1
cfn=(290)
calls=1 0 
0 34 6 5
0 1 1
0 11 1 3
cfn=(674)
calls=1 0 
0 1021 244 70 2 0 2 2 0 2
0 23 13 3 3 0 0 3
cfn=(630) 0x0000000000008370
calls=1 0 
0 1266 245 102 30 2 4 30 2 4
0 2 0 1

fn=(630)
0 17 2 7 2 0 0 2
cfn=(160)
calls=1 0 
0 81 9 0 1 1 0 1 1
0 3 0 1
cfn=(290)
calls=1 0 
0 34 6 5
0 1 1
0 6 0 1 1 0 0 1
cfn=(300)
calls=1 0 
0 36 6 5 0 0 1 0 0 1
0 193 27 1 1 0 0 1
cfn=(290)
calls=1 0 
0 34 6 5
0 1 1
0 11 0 2
cfn=(674)
calls=1 0 
0 829 176 71 24 1 3 24 1 3
0 2 0 1
cfn=(778)
calls=1 0 
0 6 3 1
0 1 1
0 11 7 2 1 0 0 1

fn=(912) 0x0000000000019770
0 228 60 96 2 0 1 2 0 1

fn=(2812)
0 68 17 15 4 2 1 4
cfn=(540)
calls=2 0 
0 37 4 2 0 1 1 0 0 1
0 10 0 2
cfn=(608)
calls=2 0 
0 204 2 192 0 0 3 0 0 3
0 51 21 1 3 1 0 3

fn=(2872)
0 180 42 47 1 12 1 1
cob=(2)
cfi=(2)
cfn=(3116)
calls=1 0 
0 6 2 0 1 1 0 1
cob=(2)
cfi=(2)
cfn=(3104)
calls=1 0 
0 6 2 0 0 1
cob=(2)
cfi=(2)
cfn=(3080)
calls=1 0 
0 6 2 0 1 1 0 1
cob=(3)
cfi=(3)
cfn=(2924)
calls=1 0 
0 211 45 26 16 13 5 16 0 3
cob=(2)
cfi=(2)
cfn=(2882)
calls=1 0 
0 6 2 0 1
0 85 30 5 1 10 0 1
cob=(7)
cfi=(7)
cfn=(3120) 0x000000000005bd00
calls=1 0 
0 16 3 1 2 1 0 2
cob=(4)
cfi=(4)
cfn=(3108)
calls=1 0 
0 16 3 1 3 0 0 3
cob=(6)
cfi=(6)
cfn=(3084)
calls=1 0 
0 204 26 25 13 2 0 13 1
cob=(3)
cfi=(3)
cfn=(2960)
calls=1 0 
0 1342 140 59 20 9 2 20 8 2
cob=(5)
cfi=(5)
cfn=(2892) 0x0000000000000610
calls=1 0 
0 17 3 1 3 0 0 3
0 36 9 9
cob=(7)
cfi=(7)
cfn=(3264) 0x000000000005bbd0
calls=1 0 
0 166 35 40 2 0 2 2 0 1
cob=(7)
cfi=(7)
cfn=(3262) 0x000000000005b9a0
calls=1 0 
0 54 2 52 9 1 6 9 1 6
cob=(7)
cfi=(7)
cfn=(3236) 0x000000000005b8e0
calls=1 0 
0 49 25 12 3 13 0 3 3
cob=(7)
cfi=(7)
cfn=(3210) 0x000000000005b820
calls=1 0 
0 49 25 12 3 15 0 3 3
cob=(7)
cfi=(7)
cfn=(3184) 0x000000000005b710
calls=1 0 
0 73 7 38 4 2 4 4 2 4
cob=(7)
cfi=(7)
cfn=(3182) 0x000000000005b6d0
calls=1 0 
0 6 1 5 1 0 2 1
cob=(7)
cfi=(7)
cfn=(3128) 0x000000000005b6b0
calls=1 0 
0 6792 1952 822 24 67 5 24 11 2
cob=(6)
cfi=(6)
cfn=(3096)
calls=1 0 
0 17 3 1 3 0 0 3
cob=(3)
cfi=(3)
cfn=(3076)
calls=1 0 
0 4 3
0 89 43 0 1 1 0 1

fn=(234)
0 1755 438 134 12 8 2 12 8 2

fn=(294)
0 928 92 137 3 3 0 3
cfn=(596)
calls=5 0 
0 30 5 0 1 0 0 1
0 472 143 94 1 0 0 1

fn=(676)
0 1671 514 3 2 0 0 2

fn=(1042) 0x0000000000006600
0 90 5 55 2 0 3 2 0 3
cfn=(838)
calls=5 0 
0 40 15 0 1 0 0 1
0 25 0 10
cfn=(1050)
calls=5 0 
0 50 5 0 1 0 0 1
0 300 125 10 4 1 0 4 1
cfn=(276)
calls=5 0 
0 2442 414 269 7 5 39 7 5 39
0 1346 187 129 11 0 15 11 0 15
cfn=(1744)
calls=2 0 
0 16 6 2 1 0 0 1
0 154 66 28 3 0 3 3 0 3
cfn=(596)
calls=5 0 
0 30 5
0 275 80 40 3 0 0 3
cfn=(608)
calls=5 0 
0 4842 5 4812 0 0 79 0 0 79
0 155 55 5 2 0 0 2
cfn=(596)
calls=5 0 
0 30 5
0 40 10 5 1 0 0 1
cfn=(1178)
calls=5 0 
0 25 5 0 1 0 0 1
0 1579 266 177 9 41 29 9 41 29
cfn=(1282)
calls=2 0 
0 10 2
0 6 3 3 1 0 0 1
cfn=(1282)
calls=3 0 
0 15 3 0 1 0 0 1
0 75 20 10 1 0 0 1
cfn=(102)
calls=5 0 
0 114 33 27 0 7 0 0 7
0 76 35 16 2 0 0 2
cfn=(340)
calls=5 0 
0 240 60 50 0 0 1 0 0 1
0 188 60 9 3 0 1 3 0 1
cfn=(596)
calls=2 0 
0 12 2
0 22 4 0 2 0 0 2

fn=(1372) 0x000000000000d5d0
0 154 66 22 2 0 0 2
cfn=(920) 0x0000000000008c70
calls=11 0 
0 28714 5143 6865 78 115 156 78 115 156
0 33 22 11

fn=(1432)
0 98 8 6 1 0 0 1

fn=(2098)
0 10 2 3 1 0 0 1
cfn=(286)
calls=1 0 
0 43 7 5
0 1 1
0 65 16 6 3 3 1 3 1 1
cfn=(2118)
calls=1 0 
0 107 19 11 6 0 0 6
0 1 0 1
cfn=(2142)
calls=1 0 
0 428 25 307 3 0 37 3 0 37
0 16 3 4 2 0 0 2

fn=(2214)
0 11767 2587 997 10 320 96 10 291 94
cob=(4)
cfi=(4)
cfn=(2654)
calls=1 0 
0 16 5 1 1 0 0 1
cob=(4)
cfi=(4)
cfn=(2652)
calls=1 0 
0 16 5 1 1 0 0 1
cob=(4)
cfi=(4)
cfn=(2650)
calls=1 0 
0 13 5 1 1 0 0 1
cob=(4)
cfi=(4)
cfn=(2648)
calls=1 0 
0 12 5 1 1 0 0 1
cob=(4)
cfi=(4)
cfn=(2646)
calls=1 0 
0 12 5 1 1 0 0 1
cob=(4)
cfi=(4)
cfn=(2644)
calls=1 0 
0 13 5 1 1 0 0 1
cob=(4)
cfi=(4)
cfn=(2642)
calls=1 0 
0 12 5 1 1 0 0 1
cob=(4)
cfi=(4)
cfn=(2640)
calls=1 0 
0 16 5 1 2 0 0 2
cob=(4)
cfi=(4)
cfn=(2638)
calls=1 0 
0 13 5 1 1 0 0 1
cob=(4)
cfi=(4)
cfn=(2636)
calls=1 0 
0 12 5 1 2 0 0 2
cob=(4)
cfi=(4)
cfn=(2634)
calls=1 0 
0 12 5 1 2 0 0 2
cob=(4)
cfi=(4)
cfn=(2632)
calls=1 0 
0 12 5 1 1 0 0 1
cob=(4)
cfi=(4)
cfn=(2630)
calls=1 0 
0 16 5 1 2 0 0 2
cob=(4)
cfi=(4)
cfn=(2592)
calls=1 0 
0 1801 532 198 14 12 3 14 8 1
cob=(3)
cfi=(3)
cfn=(2560)
calls=1 0 
0 13 4 0 2 0 0 2
cob=(3)
cfi=(3)
cfn=(2558)
calls=1 0 
0 68 8 5 2 0 0 2
cob=(3)
cfi=(3)
cfn=(2556)
calls=1 0 
0 11 5 0 2 0 0 2
cob=(3)
cfi=(3)
cfn=(2550)
calls=1 0 
0 68 8 5 5 3 0 5 1
cob=(3)
cfi=(3)
cfn=(2524)
calls=1 0 
0 71 9 15 9 1 1 9 1 1
0 126268 29080 11299 10 3115 370 10 2258 357
cfn=(2290)
calls=1220 0 
0 1766232 414998 153303 52 3774 15 51 1794 1
0 55368 15859 4686 11 313 674 11 287 345
cfn=(1178)
calls=4 0 
0 20 4
0 236 50 34 6 4 0 6 1
cfn=(2290)
calls=5 0 
0 5703 1589 694 1 46 0 1 1
0 22059 3016 2009 5 3 1 5 2 1

fn=(352)
0 104 52 52 1 0 1

fn=(700)
0 604 78 0 6 6 0 6 6

fn=(838)
0 65 22 4 3 1 0 3

fn=(906)
0 156 12 132 1 0 4 1 0 4
cfn=(908)
calls=12 0 
0 24 12
0 96 12 48 1 0 0 1
cfn=(912)
calls=12 0 
0 228 60 96 2 0 1 2 0 1
0 72 24 12
cfn=(1372)
calls=11 0 
0 28901 5231 6898 80 115 156 80 115 156
cfn=(918) 0x00000000000014a0
calls=1 0 
0 2300 473 255 74 17 30 74 17 30
0 156 84 48 1 0 0 1

fn=(918)
0 9 3 2 1 0 0 1
cfn=(920)
calls=1 0 
0 2288 468 252 72 17 30 72 17 30
0 3 2 1 1 0 0 1

fn=(932)
0 2233 319 957 1 0 2 1 0 1
cfn=(410)
calls=319 0 
0 2240 959 0 0 32
0 3867 970 333 1 21 0 1
cfn=(410)
calls=333 0 
0 6925 2303 0 0 12
0 2580 957

fn=(994)
0 25 5

fn=(1282)
0 30 6 0 1 0 0 1

fn=(1968)
0 11 1 7 1 0 0 1
cfn=(908)
calls=1 0 
0 2 1
0 7 2 3
cfn=(1972)
calls=1 0 
0 11119 3531 919 21 66 40 21 64 39
0 10 7 2 1 0 0 1

fn=(2600)
0 33 6 24 2 0 0 2
cfn=(2602) 0x000000000000f460
calls=3 0 
0 4837 1417 539 6 41 6 6 12 1
0 30 21 0 1 0 0 1
cob=(3)
cfi=(3)
cfn=(3294)
calls=1 0 
0 186774 42557 25568 502 1717 431 487 945 314
cob=(7)
cfi=(7)
cfn=(3136) std::future_category()
calls=1 0 
0 5448 1569 657 21 48 2 21 10 2
cob=(3)
cfi=(3)
cfn=(2628)
calls=1 0 
0 5 2 0 1 0 0 1

fn=(2601)
0 385 70 280
cfn=(2602)
calls=35 0 
0 50292 15772 6337 11 479 25 10 43 7
0 350 245
cob=(7)
cfi=(7)
cfn=(4390) std::error_category::~error_category()
calls=1 0 
0 4 2 1 1 1 0 1
cob=(3)
cfi=(3)
cfn=(4354)
calls=4 0 
0 1703 467 191 11 20 2 11
cfn=(4222)
calls=1 0 
0 11 7 0 1 3 0 1
cob=(3)
cfi=(3)
cfn=(3838)
calls=1 0 
0 7 2
cob=(3)
cfi=(3)
cfn=(4170)
calls=1 0 
0 5 1
cob=(3)
cfi=(3)
cfn=(4158)
calls=1 0 
0 7 2 0 1 0 0 1
cob=(3)
cfi=(3)
cfn=(4112)
calls=1 0 
0 7 2 0 1 1 0 1
cob=(3)
cfi=(3)
cfn=(4106)
calls=1 0 
0 1808 1 1028 4 0 228 4 0 213
cob=(3)
cfi=(3)
cfn=(3558)
calls=1 0 
0 6 1
cob=(3)
cfi=(3)
cfn=(3556)
calls=1 0 
0 10 1
cob=(3)
cfi=(3)
cfn=(4088)
calls=1 0 
0 7 2 0 1 0 0 1
cob=(3)
cfi=(3)
cfn=(3890)
calls=1 0 
0 16 3 2 2 0 1 2 0 1
cob=(3)
cfi=(3)
cfn=(3544)
calls=1 0 
0 34 5
cob=(3)
cfi=(3)
cfn=(3854)
calls=1 0 
0 53 6 2 9 1 0 9 1
cob=(3)
cfi=(3)
cfn=(3778)
calls=1 0 
0 117 30 12 17 0 0 17
cob=(3)
cfi=(3)
cfn=(3772)
calls=1 0 
0 1263 418 192 18 9 0 18
cob=(3)
cfi=(3)
cfn=(3712)
calls=1 0 
0 1447 319 167 58 9 11 58 7 1
cob=(3)
cfi=(3)
cfn=(3700)
calls=1 0 
0 20 5 1 6 1 0 6 1
cob=(3)
cfi=(3)
cfn=(3686)
calls=1 0 
0 3 3 0 1 0 0 1
cob=(3)
cfi=(3)
cfn=(3654)
calls=1 0 
0 1012 185 136 10 7 0 10 6
cob=(3)
cfi=(3)
cfn=(3618)
calls=1 0 
0 1299 373 188 9 20 3 9 0 1
cob=(3)
cfi=(3)
cfn=(3576)
calls=1 0 
0 178 54 30 4 0 0 4
cob=(3)
cfi=(3)
cfn=(3542)
calls=1 0 
0 2515 716 334 46 11 1 46 4
cob=(3)
cfi=(3)
cfn=(3524)
calls=1 0 
0 25 5 2 4 1 0 4 1
cfn=(3366) _dl_find_dso_for_object
calls=1 0 
0 53 22 0 4 2 0 4
cob=(3)
cfi=(3)
cfn=(3348)
calls=2 0 
0 59856 14504 613 73 1116 44 72 860 37
cob=(3)
cfi=(3)
cfn=(3330)
calls=1 0 
0 46 8 0 5 1 0 5 1
cob=(3)
cfi=(3)
cfn=(3160)
calls=1 0 
0 60 13 16 8 3 2 8 1 2
cob=(7)
cfi=(7)
cfn=(3154) __cxa_guard_release
calls=1 0 
0 5 2 2 2 0 0 2
cob=(7)
cfi=(7)
cfn=(3148) std::error_category::error_category()
calls=1 0 
0 4 2 1 1 1 0 1
cob=(7)
cfi=(7)
cfn=(3142) __cxa_guard_acquire
calls=1 0 
0 26 10 6 3 1 0 3

fn=(2602)
0 2080 718 304 5 135 0 5 5
cfn=(2290)
calls=38 0 
0 51933 16038 6491 1 381 31 0 50 8
0 1071 418 81 3 1 0 3
cob=(3)
cfi=(3)
cfn=(2560)
calls=1 0 
0 7 3 0 2 0 0 2
cob=(3)
cfi=(3)
cfn=(3852)
calls=1 0 
0 6 3 0 2 0 0 2
cob=(3)
cfi=(3)
cfn=(3698)
calls=1 0 
0 6 3 0 1 0 0 1
cob=(3)
cfi=(3)
cfn=(3522)
calls=1 0 
0 6 3 0 2 2 0 2
cob=(3)
cfi=(3)
cfn=(3326)
calls=1 0 
0 10 3 0 1 1 0 1
0 10

fn=(2834)
0 1 1 0 1 0 0 1

fn=(2)
0 265 38 36 10 9 11 10 9 11
cfn=(102)
calls=1 0 
0 25 7 6 3 1 1 3 1 1
0 17 0 7 1 0 1 1 0 1
cfn=(110) 0x00000000000173c0
calls=1 0 
0 2044951 479672 183290 597 7907 1499 596 4920 1133
0 513 121 29 14 19 7 12 17 6

fn=(102)
0 153 45 36 3 9 1 3 9 1

fn=(146) 0x0000000000018180
0 12 1 1 1 0 1 1 0 1

fn=(410)
0 163682 50977 0 1 151 0 1 54

fn=(466)
0 21 8 7 2 0 1 2 0 1
cfn=(470) 0x00000000000196e0
calls=1 0 
0 5 1 0 1 0 0 1
0 67 7 0 2 1 0 2 1

fn=(540)
0 1299 195 148 5 2 9 5 1 9

fn=(920)
0 969 178 152 3 1 4 3 1 4
cfn=(932)
calls=56 0 
0 3547 1089 236 2 0 1 2 0 1
0 275 94 15 2 0 1 2 0 1
cfn=(700)
calls=5 0 
0 115 15
0 16 0 1
cfn=(698)
calls=1 0 
0 253 36 22 0 0 1 0 0 1
0 11 0 2 1 0 0 1
cfn=(980) 0x00000000000055b0
calls=1 0 
0 318 70 28 9 5 3 9 5 3
0 98 20 25 1 0 0 1
cfn=(1042)
calls=5 0 
0 12197 1476 5657 56 54 170 56 54 170
0 13 0 4 2 0 0 2
cfn=(160)
calls=4 0 
0 255 35
0 80 12 20 2 0 0 2
cfn=(1392)
calls=4 0 
0 1507 362 244
0 132 32 20 5 0 0 5
cfn=(1484)
calls=4 0 
0 5664 886 124 29 68 1 29 68 1
0 68 16 8 2 0 0 2
cfn=(1412)
calls=4 0 
0 1954 430 158 11 0 0 11
0 24 0 12
cfn=(160)
calls=4 0 
0 351 42 0 0 1 0 0 1
0 12 0 4
cfn=(290)
calls=4 0 
0 136 24 20
0 4 4
0 28 8 4 1 0 0 1
cfn=(300)
calls=4 0 
0 328 49 45 0 0 2 0 0 2
0 120 20 44 3 0 0 3
cfn=(1392)
calls=4 0 
0 1491 358 240 18 0 3 18 0 3
0 343 145 32 3 0 0 3
cfn=(410)
calls=28 0 
0 637 210 0 0 3 0 0 3
0 56

fn=(980)
0 19 2 9 2 0 1 2 0 1
cfn=(984)
calls=1 0 
0 5 1 0 1 0 0 1
0 12 1 4 1 0 1 1 0 1
cfn=(994)
calls=1 0 
0 5 1
0 14 1 2 1 0 0 1
cfn=(234)
calls=1 0 
0 88 23 6 0 1 1 0 1 1
0 9 1 1 1 0 0 1
cfn=(234)
calls=1 0 
0 80 21 6
0 86 19 0 3 4 0 3 4

fn=(984)
0 156 20 14 1 0 0 1

fn=(1560)
0 4122 614 0 4 35 0 4 35

fn=(1974)
0 61 7 11 2 0 0 2
cfn=(1982)
calls=7 0 
0 10992 3508 906 17 66 40 17 64 39
0 56 12 0 1 0 0 1

fn=(2004)
0 1949 681 189 4 24 0 4 23
cfn=(410)
calls=21 0 
0 1673 487 0 0 11 0 0 11
0 210 147

fn=(2336)
0 139610 41466 38269 3 272 11 3 140 1
cfn=(410)
calls=3026 0 
0 44508 15714 0 0 55 0 0 33
0 81661 51202 1241 3 49 0 2 12
cfn=(410)
calls=1241 0 
0 107692 31301 0 0 36 0 0 5
0 20167 0 0 1 0 0 1

fn=(2844)
0 7 2 1 1 2 0 1
cfn=(2848) 0x0000000000019680
calls=1 0 
0 5 1
0 3 1 1

fn=(3366)
0 53 22 0 4 2 0 4

fn=(110)
0 374 94 25 6 12 5 6 12 5
cfn=(146)
calls=1 0 
0 12 1 1 1 0 1 1 0 1
0 7 2 1 0 1 0 0 1
cfn=(184)
calls=1 0 
0 17 5 2 2 0 0 2
0 12 3 1 1 0 0 1
cfn=(198)
calls=1 0 
0 2044464 479548 183258 579 7891 1493 578 4905 1127
0 28 17 1 3 3 0 3 2
cfn=(160)
calls=1 0 
0 35 2 0 4 0 0 4
0 2 0 1 1 0 0 1

fn=(342)
0 116 58 58 1 0 4 1 0 2

fn=(470)
0 5 1 0 1 0 0 1

fn=(504)
0 29 3 13 4 0 2 4 0 2
cfn=(510)
calls=1 0 
0 9 1 1 2 0 1 2 0 1
0 61 6 14 7 0 1 7 0 1
cfn=(290)
calls=1 0 
0 34 6 5
0 1 1
0 126 11 10 4 0 0 4

ob=(7)
fl=(7)
fn=(3236)
0 49 25 12 3 13 0 3 3

fn=(4384)
0 3 0 1 1 0 1 1
cob=(1)
cfi=(1)
cfn=(2601)
calls=1 0 
0 1330 360 150 1 15 0 1
0 5 3 2 1 1 0 1

fn=(3154)
0 5 2 2 2 0 0 2

fn=(3182)
0 6 1 5 1 0 2 1

fn=(4374)
0 8 3 2 1 3 0 1
cob=(1)
cfi=(1)
cfn=(2601)
calls=1 0 
0 3089 897 355 4 28 2 4
0 5 3 2 2 2 0 1
0 1 0 1
cfn=(4398) 0x000000000005bc50
calls=1 0 
0 9 2 1 1
0 3 2 1

fn=(4392)
0 3 0 1 0 0 1
cfn=(4390)
calls=1 0 
0 4 2 1
0 1 1

fn=(3210)
0 49 25 12 3 15 0 3 3

fn=(3136)
0 5 1 1 2 1 0 2 1
cob=(1)
cfi=(1)
cfn=(2601)
calls=1 0 
0 1169 324 135 3 11 0 3 2
0 5 3 2 1 0 0 1
0 5 0 2
cob=(1)
cfi=(1)
cfn=(2601)
calls=1 0 
0 1364 373 152 1 9 0 1 1
0 5 3 2 1 0 0 1

ob=(1)
fl=(1)
fn=(504)
0 38 15 4 3 0 0 3
cfn=(540)
calls=1 0 
0 22 3 2 2 1 1 2 1 1
0 5 2 2 1 0 0 1
cfn=(540)
calls=1 0 
0 22 3 2
0 4 0 3

fn=(510)
0 54 6 6 2 0 1 2 0 1

fn=(608)
0 5294 23 5156 2 0 83 1 0 83

fn=(864)
0 2 2 0 1 0 0 1

fn=(2582)
0 40 16 10 3 5 2 3

ob=(7)
fl=(7)
fn=(3136)
0 4 0 2
cob=(1)
cfi=(1)
cfn=(2601)
calls=1 0 
0 1187 338 143 2 6 0 2 1
0 5 3 2 1 1 0 1
0 4 0 1 1 0 0 1
cob=(1)
cfi=(1)
cfn=(2601)
calls=1 0 
0 1687 520 213 8 19 2 8 5 2
0 5 3 2 1 1 0 1
0 3 1

fn=(3148)
0 12 6 3 1 1 0 1

fn=(3184)
0 73 7 38 4 2 4 4 2 4

fn=(3262)
0 54 2 52 9 1 6 9 1 6

fn=(4394)
0 3 0 1 1 0 0 1
cfn=(4390)
calls=1 0 
0 4 2 1
0 1 1

fn=(3264)
0 5 0 3 0 0 1 0 0 1
cfn=(3148)
calls=1 0 
0 4 2 1
0 1 1
0 7 0 2 1 0 0 1
cob=(3)
cfi=(3)
cfn=(3160)
calls=1 0 
0 66 13 15 0 0 1
0 1 1
0 3 0 2
cfn=(3148)
calls=1 0 
0 4 2 1
0 1 1
0 7 1 1 1 0 0 1
cob=(3)
cfi=(3)
cfn=(3160)
calls=1 0 
0 66 13 15
0 1 1

fn=(3120)
0 16 3 1 2 1 0 2

fn=(3128)
0 2 0 1 1 0 0 1
cob=(1)
cfi=(1)
cfn=(2600)
calls=1 0 
0 6781 1947 818 21 64 4 21 11 2
0 5 3 2 1 2 0 1
0 4 2 1 1 1 1 1

fn=(3142)
0 26 10 6 3 1 0 3

fn=(4390)
0 12 6 3 1 1 0 1

fn=(4398)
0 9 2 1 1

ob=(1)
fl=(1)
fn=(2848)
0 5 1

ob=(5)
fl=(5)
fn=(4338)
0 8 3 2 1 2
cob=(1)
cfi=(1)
cfn=(2601)
calls=1 0 
0 1251 368 151 9 21 0 8
0 5 3 2 1 1 0 1
0 1 0 1
cfn=(4366) 0x0000000000000540
calls=1 0 
0 9 2 1 1 0 0 1
0 3 2 1 1

fn=(2892)
0 17 3 1 3 0 0 3

fn=(4366)
0 9 2 1 1 0 0 1

totals: 2243915 525381 210321 1247 9819 1979 1227 5924 1485
