version: 1
creator: callgrind-3.10.1
pid: 15195
cmd:  /home/kordax/Projects/litedet/build-debug/litedet kordax -a
part: 1


desc: I1 cache: 32768 B, 64 B, 8-way associative
desc: D1 cache: 32768 B, 64 B, 8-way associative
desc: LL cache: 6291456 B, 64 B, 24-way associative

desc: Timerange: Basic block 0 - 392557
desc: Trigger: Program termination

positions: line
events: Ir Dr Dw I1mr D1mr D1mw ILmr DLmr DLmw Bc Bcm Bi Bim
summary: 2313248 558918 215493 1292 9753 1692 1270 5947 1265 340798 19971 3452 330


ob=(1) /lib/x86_64-linux-gnu/ld-2.19.so
fl=(1) ???
fn=(630) 0x0000000000008370
0 17 2 7 2 0 0 2 0 0 1
cfn=(160) 0x0000000000019ca0
calls=1 0 
0 79 8 0 1 1 0 1 1 0 22 5
0 3 0 1
cfn=(290) malloc
calls=1 0 
0 34 6 5 0 0 0 0 0 0 3 1 1
0 1 1 0 0 0 0 0 0 0 0 0 1
0 6 0 1 1 0 0 1 0 0 1
cfn=(300) 0x000000000001abf0
calls=1 0 
0 36 6 5 0 0 1 0 0 1 7 1
0 193 27 1 1 0 0 1 0 0 28 10
cfn=(290)
calls=1 0 
0 34 6 5 0 0 0 0 0 0 3 1 1
0 1 1 0 0 0 0 0 0 0 0 0 1
0 11 0 2 0 0 0 0 0 0 1
cfn=(674) 0x0000000000007f40
calls=1 0 
0 829 176 71 24 1 3 24 1 3 165 40 5 1
0 2 0 1
cfn=(778) free
calls=1 0 
0 6 3 1 0 0 0 0 0 0 1
0 1 1 0 0 0 0 0 0 0 0 0 1
0 11 7 2 1 0 0 1

fn=(676) 0x00000000000180f0
0 1671 514 3 2 0 0 2 0 0 508 36

fn=(1042) 0x0000000000006600
0 90 5 55 2 0 3 2 0 3
cfn=(838) 0x0000000000010980
calls=5 0 
0 40 15 0 1 0 0 1 0 0 15 13
0 25 0 10
cfn=(1050) 0x0000000000019450
calls=5 0 
0 50 5 0 1 0 0 1 0 0 10
0 300 125 10 4 1 0 4 1 0 95 11
cfn=(278) 0x000000000000baa0
calls=5 0 
0 2442 414 269 7 5 39 7 5 39 439 136 25
0 1346 187 129 11 0 14 11 0 14 227 44
cfn=(1744) 0x0000000000012750
calls=2 0 
0 16 6 2 1 0 0 1 0 0 2
0 154 66 28 3 0 3 3 0 3 10
cfn=(596) 0x0000000000019650
calls=5 0 
0 30 5 0 0 0 0 0 0 0 5
0 275 80 40 3 0 0 3 0 0 50 14
cfn=(608) 0x000000000001a9b0
calls=5 0 
0 4842 5 4812 0 0 79 0 0 79 4817 12
0 155 55 5 2 0 0 2 0 0 25 7
cfn=(596)
calls=5 0 
0 30 5 0 0 0 0 0 0 0 5
0 40 10 5 1 0 0 1 0 0 5 4
cfn=(1178) 0x00000000000196a0
calls=5 0 
0 25 5 0 1 0 0 1 0 0 5
0 1579 266 177 9 41 29 9 41 29 413 75
cfn=(1282) 0x0000000000019630
calls=2 0 
0 10 2 0 0 0 0 0 0 0 2
0 6 3 3 1 0 0 1
cfn=(1282)
calls=3 0 
0 15 3 0 1 0 0 1 0 0 3
0 75 20 10 1 0 0 1 0 0 15 4
cfn=(102) 0x000000000000b960
calls=5 0 
0 114 33 27 0 7 0 0 7 0 10 1
0 76 35 16 2 0 0 2 0 0 20 2
cfn=(340) 0x000000000000ba10
calls=5 0 
0 240 60 50 0 0 1 0 0 1 25 13 10
0 188 60 9 3 0 1 3 0 1 19 3
cfn=(596)
calls=2 0 
0 12 2 0 0 0 0 0 0 0 2
0 22 4 0 2 0 0 2 0 0 7 6

fn=(1372) 0x000000000000d5d0
0 154 66 22 2 0 0 2
cfn=(920) 0x0000000000008c70
calls=11 0 
0 28714 5143 6865 78 115 156 78 115 156 9715 841 36
0 33 22 11

fn=(1432) 0x0000000000019410
0 98 8 6 1 0 0 1 0 0 16 4

fn=(2098) 0x0000000000000ec8
0 10 2 3 1 0 0 1 0 0 1
cfn=(286) calloc
calls=1 0 
0 43 7 5 0 0 0 0 0 0 4 1 2
0 1 1 0 0 0 0 0 0 0 0 0 1
0 65 16 6 3 3 1 3 1 1 17 8
cfn=(2118) 0x0000000000012830
calls=1 0 
0 107 19 11 6 0 0 6 0 0 11 3
0 1 0 1
cfn=(2142) 0x0000000000012ac0
calls=1 0 
0 428 25 307 3 0 37 3 0 37 306 11 4
0 16 3 4 2 0 0 2 0 0 2 2

fn=(2214) 0x000000000000c0d0
0 11781 2590 998 10 320 97 10 292 95 3282 61 19 19
cob=(4) /lib/x86_64-linux-gnu/libm-2.19.so
cfi=(4) ???
cfn=(2654) sin
calls=1 0 
0 16 5 1 1 0 0 1 0 0 3 0 1
cob=(4)
cfi=(4)
cfn=(2652) __atan2_finite
calls=1 0 
0 16 5 1 1 0 0 1 0 0 3 0 1
cob=(4)
cfi=(4)
cfn=(2650) __asin_finite
calls=1 0 
0 13 5 1 1 0 0 1 0 0 2 0 1
cob=(4)
cfi=(4)
cfn=(2648) floor
calls=1 0 
0 12 5 1 1 0 0 1 0 0 2 1 1
cob=(4)
cfi=(4)
cfn=(2646) floorf
calls=1 0 
0 12 5 1 1 0 0 1 0 0 2 1 1
cob=(4)
cfi=(4)
cfn=(2644) __acos_finite
calls=1 0 
0 13 5 1 1 0 0 1 0 0 2 0 1
cob=(4)
cfi=(4)
cfn=(2642) rintf
calls=1 0 
0 12 5 1 1 0 0 1 0 0 2 1 1
cob=(4)
cfi=(4)
cfn=(2640) __log_finite
calls=1 0 
0 16 5 1 2 0 0 2 0 0 3 0 1
cob=(4)
cfi=(4)
cfn=(2638) __pow_finite
calls=1 0 
0 13 5 1 1 0 0 1 0 0 2 0 1
cob=(4)
cfi=(4)
cfn=(2636) ceil
calls=1 0 
0 12 5 1 2 0 0 2 0 0 2 1 1
cob=(4)
cfi=(4)
cfn=(2634) ceilf
calls=1 0 
0 12 5 1 2 0 0 2 0 0 2 1 1
cob=(4)
cfi=(4)
cfn=(2632) rint
calls=1 0 
0 12 5 1 1 0 0 1 0 0 2 1 1
cob=(4)
cfi=(4)
cfn=(2630) cos
calls=1 0 
0 16 5 1 2 0 0 2 0 0 3 0 1 1
cob=(4)
cfi=(4)
cfn=(2592) __exp_finite
calls=1 0 
0 2015 607 248 14 12 4 14 8 1 318 29 3 3
cob=(3) /lib/x86_64-linux-gnu/libc-2.19.so
cfi=(3) ???
cfn=(2560) memcpy
calls=1 0 
0 13 4 0 2 0 0 2 0 0 2
cob=(3)
cfi=(3)
cfn=(2558) gettimeofday
calls=1 0 
0 68 8 5 2 0 0 2 0 0 6 4
cob=(3)
cfi=(3)
cfn=(2556) strncasecmp
calls=1 0 
0 11 5 0 2 0 0 2 0 0 4 3
cob=(3)
cfi=(3)
cfn=(2550) time
calls=1 0 
0 68 8 5 5 3 0 5 1 0 6 4
cob=(3)
cfi=(3)
cfn=(2524) strcasecmp
calls=1 0 
0 71 9 15 9 1 1 9 1 1 13 5
0 126268 29080 11299 10 3116 370 10 2258 357 20922 643
cfn=(2290) 0x000000000000a860
calls=1220 0 
0 1822751 434768 166483 52 3749 15 51 1794 1 250428 12838 111 4
0 55368 15859 4686 11 313 673 11 287 344 8953 33 2229 15
cfn=(1178)
calls=4 0 
0 20 4 0 0 0 0 0 0 0 4
0 236 50 34 6 4 0 6 1 0 45 9
cfn=(2290)
calls=5 0 
0 5919 1664 744 1 51 0 1 1 0 861 81
0 22059 3016 2009 5 3 1 5 2 1 2011 9 5 1

fn=(4310) 0x0000000000010560
0 23 2 11 3 1 0 3 0 0 1 0 1 1
cfn=(342) 0x0000000000001330
calls=1 0 
0 2 1 1
0 128 39 31 3 1 5 3 0 0 26 6
cfn=(4336) 0x00000000000102d0
calls=1 0 
0 669 155 79 7 7 0 6 0 0 176 39
0 2 1 1 1 0 0 1 0 0 0 0 1 1
cfn=(352) 0x0000000000001340
calls=1 0 
0 2 1 1 1
0 137 51 12 1 15 0 1 0 0 30 7 5 5
cob=(6) /lib/x86_64-linux-gnu/libgcc_s.so.1
cfi=(6) ???
cfn=(4502) 0x0000000000002fa0
calls=1 0 
0 1674 505 189 6 17 0 2 0 0 285 19 3 2
cob=(4)
cfi=(4)
cfn=(4482) 0x0000000000005990
calls=1 0 
0 1674 505 189 4 15 0 3 0 0 285 27 3 2
cob=(7) /usr/lib/x86_64-linux-gnu/libstdc++.so.6.0.19
cfi=(7) ???
cfn=(4450) 0x000000000005bcc0
calls=1 0 
0 3202 937 382 8 31 2 6 0 0 492 55 11 7
cob=(5) /usr/local/lib/valgrind/vgpreload_core-amd64-linux.so
cfi=(5) ???
cfn=(4414) 0x00000000000005d0
calls=1 0 
0 1235 363 148 13 20 0 10 0 0 201 39 3 3
cob=(8) /home/kordax/Projects/litedet/build-debug/litedet
cfi=(8) ???
cfn=(4388) 0x0000000000400de0
calls=1 0 
0 16 5 4 0 1 0 0 1 0 2 1
0 45 15 5 1 7 0 1 0 0 10 2 5 5
cob=(2) ???
cfi=(2) ???
cfn=(4522) 0x0000000005242998
calls=1 0 
0 3 1 0 1 0 0 1
cob=(2)
cfi=(2)
cfn=(4500) 0x0000000004f9e1b8
calls=1 0 
0 3 1 0 2 0 0 2
cob=(2)
cfi=(2)
cfn=(4480) 0x0000000004ce499c
calls=1 0 
0 3 1 0 1 0 0 1
cob=(2)
cfi=(2)
cfn=(4448) 0x0000000004a25778
calls=1 0 
0 3 1 0 2 0 0 2
cob=(2)
cfi=(2)
cfn=(4404) 0x00000000004022e0
calls=1 0 
0 3 1
0 93 33 9 4 3 0 4 0 0 27 8

fn=(4336)
0 27 0 13 2 0 0 2 0 0 1
cfn=(608)
calls=1 0 
0 20 1 14 1 0 0 0 0 0 15 4
0 59 13 16 1 0 0 1 0 0 1 1
cfn=(608)
calls=5 0 
0 60 5 30 0 0 0 0 0 0 35 6
0 503 136 6 3 7 0 3 0 0 124 28

fn=(160)
0 1904 213 0 5 4 0 5 4 0 503 112

fn=(700) 0x0000000000019a50
0 604 78 0 6 5 0 6 5 0 46 14

fn=(838)
0 65 22 4 3 1 0 3 0 0 21 18

fn=(906) 0x000000000000ff80
0 156 12 132 1 0 4 1 0 4 0 0 12 1
cfn=(908) 0x0000000000001320
calls=12 0 
0 24 12
0 96 12 48 1 0 0 1
cfn=(912) 0x0000000000019770
calls=12 0 
0 228 60 96 2 0 1 2 0 1
0 72 24 12 0 0 0 0 0 0 12 0 12 2
cfn=(1372)
calls=11 0 
0 28901 5231 6898 80 115 156 80 115 156 9715 841 36
cfn=(918) 0x00000000000014a0
calls=1 0 
0 2300 473 255 74 18 29 74 18 29 423 126 9
0 156 84 48 1 0 0 1

fn=(918)
0 9 3 2 1 0 0 1
cfn=(920)
calls=1 0 
0 2288 468 252 72 18 29 72 18 29 423 126 9
0 3 2 1 1 0 0 1

fn=(932) 0x00000000000111c0
0 2268 324 972 1 0 0 1
cfn=(410) 0x0000000000019c70
calls=324 0 
0 2275 974 0 0 31 0 0 0 0 326 47
0 3927 985 338 1 20 0 1 0 0 971 34
cfn=(410)
calls=338 0 
0 7023 2336 0 0 11 0 0 0 0 1675 273
0 2620 972 0 0 0 0 0 0 0 338 13

fn=(994) 0x00000000000194f0
0 25 5 0 0 0 0 0 0 0 5

fn=(1282)
0 30 6 0 1 0 0 1 0 0 6

fn=(1968) 0x0000000000010040
0 11 1 7 1 0 0 1 0 0 0 0 1 1
cfn=(908)
calls=1 0 
0 2 1
0 7 2 3 0 0 0 0 0 0 0 0 1 1
cfn=(1972) 0x00000000000018d0
calls=1 0 
0 11119 3531 919 21 66 40 21 64 39 2171 234 18
0 10 7 2 1 0 0 1

fn=(2600) 0x00000000000164e0
0 33 6 24 2 0 1 2
cfn=(2602) 0x000000000000f460
calls=3 0 
0 5051 1492 589 6 42 6 6 12 2 794 71
0 30 21 0 1 0 0 1 0 0 0 0 3 3
cob=(3)
cfi=(3)
cfn=(3294) (below main)
calls=1 0 
0 199010 56126 17429 545 1672 146 528 967 96 36641 4178 864 222
cob=(7)
cfi=(7)
cfn=(3136) std::future_category()
calls=1 0 
0 5577 1614 687 21 48 3 21 10 2 828 77 12 8
cob=(3)
cfi=(3)
cfn=(2628) __get_cpu_features
calls=1 0 
0 5 2 0 1 0 0 1 0 0 1

fn=(2601) 0x00000000000164e0'2
0 396 72 288
cfn=(2602)
calls=36 0 
0 53882 16961 6995 12 441 20 11 49 0 8662 748 6 6
0 360 252 0 0 0 0 0 0 0 0 0 36 34
cob=(7)
cfi=(7)
cfn=(4466) std::error_category::~error_category()
calls=1 0 
0 4 2 1 1 1 0 1
cob=(3)
cfi=(3)
cfn=(4430) __cxa_finalize
calls=4 0 
0 1832 512 221 11 18 2 11 0 0 275 42 8 6
cfn=(4298) __tls_get_addr
calls=1 0 
0 11 7 0 1 2 0 1 0 0 2 1
cob=(3)
cfi=(3)
cfn=(3856) close
calls=1 0 
0 7 2 0 0 0 0 0 0 0 2
cob=(3)
cfi=(3)
cfn=(4272) munmap
calls=1 0 
0 5 1 0 0 0 0 0 0 0 1
cob=(3)
cfi=(3)
cfn=(4236) printf
calls=1 0 
0 1657 371 170 53 15 8 53 8 0 445 82 9 7
cob=(3)
cfi=(3)
cfn=(4230) msync
calls=1 0 
0 7 2 0 1 0 0 1 0 0 2
cob=(3)
cfi=(3)
cfn=(4196) ftruncate
calls=1 0 
0 5 1 0 1 0 0 1 0 0 1 1
cob=(3)
cfi=(3)
cfn=(4148) 0x000000000009dc40
calls=1 0 
0 31 5 2 4 1 0 4 1 0 4 1 1 1
cob=(3)
cfi=(3)
cfn=(4088) atoi
calls=1 0 
0 112 19 11 13 7 0 13 3 0 23 6
cob=(3)
cfi=(3)
cfn=(3608) mmap
calls=1 0 
0 6 1 0 0 0 0 0 0 0 1
cob=(3)
cfi=(3)
cfn=(3878) 0x0000000000098a50
calls=1 0 
0 16 3 2 2 0 0 2 0 0 3
cob=(3)
cfi=(3)
cfn=(3596) strlen
calls=1 0 
0 34 5 0 0 0 0 0 0 0 3 1
cob=(3)
cfi=(3)
cfn=(3796) free
calls=1 0 
0 117 30 12 17 0 0 17 0 0 30 12
cob=(3)
cfi=(3)
cfn=(3790) closedir
calls=1 0 
0 1349 448 212 18 8 1 18 0 0 215 33 3 2
cob=(3)
cfi=(3)
cfn=(3762) 0x000000000009d610
calls=1 0 
0 27 5 2 6 1 0 6 1 0 3 2 1 1
cob=(3)
cfi=(3)
cfn=(3728) readdir
calls=1 0 
0 1012 185 136 10 6 0 10 6 0 116 36
cob=(3)
cfi=(3)
cfn=(3692) opendir
calls=1 0 
0 1385 403 208 9 15 4 9 0 2 212 38 3 2
cob=(3)
cfi=(3)
cfn=(3594) puts
calls=1 0 
0 2515 716 334 45 11 1 45 4 0 533 34 48 7
cob=(3)
cfi=(3)
cfn=(3572) 0x00000000000a0430
calls=1 0 
0 41 6 2 8 1 0 8 1 0 4 2 1 1
cob=(3)
cfi=(3)
cfn=(3556) 0x00000000000987a0
calls=1 0 
0 21 5 0 2 0 0 2 0 0 2
cob=(3)
cfi=(3)
cfn=(3534) 0x00000000000a1cb0
calls=1 0 
0 46 8 0 5 1 0 5 1 0 5 2
cob=(3)
cfi=(3)
cfn=(3522) read
calls=1 0 
0 7 2 0 1 0 0 1 0 0 2
cob=(3)
cfi=(3)
cfn=(3510) __fxstat
calls=1 0 
0 10 1 0 1 0 0 1 0 0 2
cob=(3)
cfi=(3)
cfn=(3502) open
calls=1 0 
0 7 2 0 1 0 0 1 0 0 2
cob=(3)
cfi=(3)
cfn=(3496) __errno_location
calls=1 0 
0 3 3 0 1 0 0 1
cfn=(3346) _dl_find_dso_for_object
calls=1 0 
0 53 22 0 4 2 0 4 0 0 21 10
cob=(3)
cfi=(3)
cfn=(3328) malloc
calls=2 0 
0 59899 14519 623 73 1117 45 72 861 36 13488 2040 8 8
cob=(3)
cfi=(3)
cfn=(3160) __cxa_atexit
calls=1 0 
0 60 13 16 8 3 2 8 1 2 8 4
cob=(7)
cfi=(7)
cfn=(3154) __cxa_guard_release
calls=1 0 
0 5 2 2 2 0 0 2 0 0 1 1
cob=(7)
cfi=(7)
cfn=(3148) std::error_category::error_category()
calls=1 0 
0 4 2 1 1 1 0 1
cob=(7)
cfi=(7)
cfn=(3142) __cxa_guard_acquire
calls=1 0 
0 26 10 6 3 1 0 3 0 0 4 2

fn=(2602)
0 2135 737 312 5 117 0 5 5 0 156 19
cfn=(2290)
calls=39 0 
0 55645 17269 7188 1 363 26 0 56 2 9055 752
0 1100 429 84 3 1 0 3 0 0 234 42 6 6
cob=(3)
cfi=(3)
cfn=(4146) strncpy
calls=1 0 
0 6 3 0 1 0 0 1 0 0 2 1
cob=(3)
cfi=(3)
cfn=(2560)
calls=1 0 
0 7 3 0 2 0 0 2 0 0 2 1
cob=(3)
cfi=(3)
cfn=(3760) strcpy
calls=1 0 
0 6 3 0 1 0 0 1 0 0 2 1
cob=(3)
cfi=(3)
cfn=(3570) strcat
calls=1 0 
0 6 3 0 2 0 0 2 0 0 2 2
cob=(3)
cfi=(3)
cfn=(3554) strcmp
calls=1 0 
0 6 3 0 2 0 0 2 0 0 2 1
cob=(3)
cfi=(3)
cfn=(3530) strstr
calls=1 0 
0 10 3 0 1 2 0 1 0 0 1
0 12

fn=(2834) 0x0000000000017680
0 1 1 0 1 0 0 1

fn=(3346)
0 53 22 0 4 2 0 4 0 0 21 10

fn=(2) 0x0000000000004a70
0 265 38 36 10 9 10 10 9 10 61 16
cfn=(102)
calls=1 0 
0 25 7 6 3 1 1 3 1 1 2
0 17 0 7 1 0 1 1 0 1
cfn=(110) 0x00000000000173c0
calls=1 0 
0 2101916 499595 196571 597 7886 1496 596 4921 1130 302178 15494 2536 70
0 513 121 29 14 19 8 12 17 7 75 12 9 1

fn=(202) 0x0000000000017a20
0 318 109 2 2 25 0 2 25 0 103 17

fn=(920)
0 969 178 152 3 1 5 3 1 5 246 14
cfn=(932)
calls=56 0 
0 3547 1089 236 2 0 0 2 0 0 680 107
0 275 94 15 2 0 1 2 0 1 66 6
cfn=(700)
calls=5 0 
0 115 15 0 0 0 0 0 0 0 10
0 16 0 1 0 0 0 0 0 0 6 2
cfn=(698) 0x0000000000007dd0
calls=1 0 
0 253 36 22 0 0 2 0 0 2 40 13 2
0 11 0 2 1 0 0 1 0 0 1
cfn=(980) 0x00000000000055b0
calls=1 0 
0 318 70 28 9 6 1 9 6 1 60 11
0 98 20 25 1 0 0 1 0 0 6
cfn=(1042)
calls=5 0 
0 12197 1476 5657 56 54 169 56 54 169 6226 345 35
0 13 0 4 2 0 0 2
cfn=(160)
calls=4 0 
0 255 35 0 0 0 0 0 0 0 79 22
0 80 12 20 2 0 0 2 0 0 12 4
cfn=(1392) 0x0000000000006020
calls=4 0 
0 1507 362 244 0 0 0 0 0 0 234 41
0 132 32 20 5 0 0 5 0 0 28 8
cfn=(1484) 0x0000000000016d40
calls=4 0 
0 5664 886 124 29 68 1 29 68 1 1410 133
0 68 16 8 2 0 0 2 0 0 16
cfn=(1412) 0x0000000000005b20
calls=4 0 
0 1954 430 158 11 0 0 11 0 0 352 64
0 24 0 12 0 0 0 0 0 0 4
cfn=(160)
calls=4 0 
0 351 42 0 0 1 0 0 1 0 96 23
0 12 0 4
cfn=(290)
calls=4 0 
0 136 24 20 0 0 0 0 0 0 12 1 4
0 4 4 0 0 0 0 0 0 0 0 0 4
0 28 8 4 1 0 0 1 0 0 4
cfn=(300)
calls=4 0 
0 328 49 45 0 0 2 0 0 2 65 30
0 120 20 44 3 0 0 3 0 0 4 4
cfn=(1392)
calls=4 0 
0 1491 358 240 18 0 4 18 0 4 234 64
0 343 145 32 3 0 0 3 0 0 65 34
cfn=(410)
calls=28 0 
0 637 210 0 0 3 0 0 3 0 154 36
0 56 0 0 0 0 0 0 0 0 28 5

fn=(980)
0 19 2 9 2 0 0 2 0 0 1
cfn=(984) 0x00000000000194d0
calls=1 0 
0 5 1 0 1 0 0 1 0 0 1
0 12 1 4 1 0 0 1 0 0 1
cfn=(994)
calls=1 0 
0 5 1 0 0 0 0 0 0 0 1
0 14 1 2 1 0 0 1 0 0 3
cfn=(236) 0x000000000001a300
calls=1 0 
0 88 23 6 0 2 1 0 2 1 18 4
0 9 1 1 1 0 0 1 0 0 2
cfn=(236)
calls=1 0 
0 80 21 6 0 0 0 0 0 0 16 1
0 86 19 0 3 4 0 3 4 0 17 6

fn=(984)
0 156 20 14 1 0 0 1 0 0 20 8

fn=(1560) 0x0000000000016c50
0 4122 614 0 4 35 0 4 35 0 1131 77

fn=(1974) 0x0000000000011ab0
0 61 7 11 2 0 0 2 0 0 8
cfn=(1982) 0x0000000000011640
calls=7 0 
0 10992 3508 906 17 66 40 17 64 39 2155 228 18
0 56 12 0 1 0 0 1 0 0 7 5

fn=(2004) 0x00000000000112a0
0 1949 681 189 4 24 0 4 23 0 576 28
cfn=(410)
calls=21 0 
0 1673 487 0 0 12 0 0 11 0 466 31
0 210 147 0 0 0 0 0 0 0 21

fn=(2844) 0x0000000000017380
0 7 2 1 1 2 0 1 0 0 1 1
cfn=(2848) 0x0000000000019680
calls=1 0 
0 5 1 0 0 0 0 0 0 0 1
0 3 1 1

fn=(286)
0 136 0 0 1 0 0 1 0 0 17
cfn=(290)
calls=17 0 
0 604 106 88 4 3 1 4 0 1 53 10 17 1
0 17 17 0 0 0 0 0 0 0 0 0 17 2

fn=(290)
0 129 0 0 1 0 0 1
cfn=(294) __libc_memalign
calls=43 0 
0 1379 231 224 5 3 2 5 0 2 137 29
0 43 43 0 0 0 0 0 0 0 0 0 43 1

fn=(502) 0x0000000000008700
0 14 2 7 1 0 0 1
cfn=(504) 0x000000000000ece0
calls=1 0 
0 351 51 56 23 1 3 23 1 3 51 25 2
0 3 0 2 1 0 0 1
cfn=(290)
calls=1 0 
0 34 6 5 0 0 0 0 0 0 3 1 1
0 1 1 0 0 0 0 0 0 0 0 0 1
0 16 1 4 1 0 0 1 0 0 1
cfn=(290)
calls=1 0 
0 55 10 7 2 0 0 2 0 0 5 1 1
0 1 1 0 0 0 0 0 0 0 0 0 1
0 48 5 21 2 0 1 2 0 1 2
cfn=(608)
calls=4 0 
0 88 4 64 1 0 1 1 0 1 68 24
0 96 25 22 6 2 5 6 2 5 12 2
cfn=(700)
calls=1 0 
0 47 6 0 0 0 0 0 0 0 3 2
0 4 0 1 0 0 0 0 0 0 1
cfn=(160)
calls=1 0 
0 74 8 0 0 0 0 0 0 0 19 3
0 8 0 1 1 0 0 1
cfn=(300)
calls=1 0 
0 40 7 6 0 0 0 0 0 0 7
0 248 31 1 1 0 0 1 0 0 31 10
cfn=(290)
calls=1 0 
0 34 6 5 0 0 0 0 0 0 3 1 1
0 1 1 0 0 0 0 0 0 0 0 0 1
0 11 1 3 0 0 0 0 0 0 1
cfn=(674)
calls=1 0 
0 1021 244 70 2 0 2 2 0 2 238 32 5
0 23 13 3 3 0 0 3 0 0 2
cfn=(630)
calls=1 0 
0 1264 244 102 30 2 4 30 2 4 232 58 10 1
0 2 0 1

fn=(864) _dl_debug_state
0 2 2 0 1 0 0 1

fn=(2582) 0x00000000000133f0
0 40 16 10 3 5 2 3 0 0 2

fn=(2848)
0 5 1 0 0 0 0 0 0 0 1

fn=(0) 0x00000000000012d0
0 2 0 1 1 0 1 1 0 1
cfn=(2)
calls=1 0 
0 2102736 499761 196649 625 7915 1516 622 4948 1149 302316 15522 2545 71
0 14 3 2 1
cfn=(2866) 0x00000000000101b0
calls=1 0 
0 9638 2468 1190 116 149 29 115 29 19 1546 251 39 33
0 3 0 0 0 0 0 0 0 0 0 0 1 1
cob=(8)
cfi=(8)
cfn=(3286) 0x0000000000400d30
calls=1 0 
0 200855 56686 17651 549 1689 146 532 970 96 36936 4198 867 225

fn=(200) 0x0000000000001910
0 41 3 19 4 0 5 4 0 5
cfn=(202)
calls=1 0 
0 120 41 1 2 11 0 2 11 0 39 9
0 4 2 2
cfn=(202)
calls=2 0 
0 198 68 1 0 14 0 0 14 0 64 8
0 157 23 1 2 0 0 2 0 0 47 11 2 2
cfn=(236)
calls=1 0 
0 120 31 6 3 1 0 3 1 0 26 7
0 9 0 2 2 0 0 2 0 0 1
cfn=(236)
calls=1 0 
0 26 9 6 0 1 0 0 1 0 3 2
0 19 4 1 4 0 0 4 0 0 4 3
cfn=(278)
calls=1 0 
0 248 31 51 19 2 14 19 2 14 36 21 3 3
0 12 3 4 1 0 1 1 0 1 1
cfn=(340)
calls=1 0 
0 34 8 9 4 0 1 4 0 1 1 0 2 2
0 128 21 6 6 5 0 6 5 0 46 16
cfn=(410)
calls=1 0 
0 7 3 0 1 2 0 1 2 0 1 1
0 262 41 32 8 7 6 8 7 6 71 14
cfn=(102)
calls=1 0 
0 14 5 3 0 1 0 0 1 0 2 1
0 7 1 2 2 0 0 2 0 0 2 1
cfn=(466) 0x0000000000017840
calls=1 0 
0 93 16 7 5 2 1 5 2 1 16 7
0 65 21 11 7 3 2 7 3 2 11 4
cfn=(236)
calls=1 0 
0 80 21 6 0 1 0 0 1 0 16 5
0 7 1 2 2 0 0 2 0 0 1
cfn=(502)
calls=1 0 
0 3484 667 381 74 5 16 74 5 16 679 159 23 1
0 3 1 1 1 0 0 1
cfn=(838)
calls=1 0 
0 17 4 4 2 0 0 2 0 0 3 2
0 63 18 17 5 3 1 5 3 1 8 2
cfn=(864)
calls=1 0 
0 1 1 0 1 0 0 1
0 12 4 1 1 0 0 1 0 0 3 1
cfn=(510) 0x0000000000019530
calls=1 0 
0 9 1 1 0 0 0 0 0 0 1 1
0 19 2 1 1 0 0 1 0 0 2 1
cfn=(1348) 0x000000000000dac0
calls=1 0 
0 33159 6092 7558 110 122 165 110 119 165 10547 994 70 1
0 146 25 17 8 0 1 8 0 0 28 16
cfn=(1968)
calls=1 0 
0 11149 3542 931 23 66 40 23 64 39 2171 234 20 2
0 5 2 2 0 0 0 0 0 0 1
cfn=(2098)
calls=1 0 
0 671 73 337 15 3 38 15 1 38 341 25 7
0 4 1 2 1 0 0 1 0 0 1
cfn=(2180) 0x0000000000001014
calls=1 0 
0 22 8 7 3 1 0 3 0 0 3 2
0 24 8 6 4 0 0 4 0 0 6 2
cfn=(2812) _dl_allocate_tls_init
calls=1 0 
0 370 44 212 7 4 5 7 0 4 224 27
0 8 3 1 1 1 0 1 0 0 3 2
cfn=(2834)
calls=1 0 
0 1 1 0 1 0 0 1
0 6 1 1 0 0 0 0 0 0 1
cfn=(838)
calls=1 0 
0 8 3 0 0 1 0 0 0 0 3 3
0 2 0 2
cfn=(864)
calls=1 0 
0 1 1
0 1 0 1
cfn=(2844)
calls=1 0 
0 15 4 2 1 2 0 1 0 0 2 1
0 21 9 2 2 2 0 2 0 0 1
cfn=(2214)
calls=1 0 
0 11354 3526 1542 0 83 4 0 11 0 1847 189 9
0 148 42 16 3 11 0 3 0 0 14 2
cfn=(2214)
calls=6 0 
0 2035469 484211 184997 146 7489 1157 145 4634 800 285038 13536 2371 43
0 59 12 4 2 3 0 2 0 0 19 16
cfn=(2582)
calls=2 0 
0 40 16 10 3 5 2 3 0 0 2
0 12 1 2 4 0 0 4
cfn=(160)
calls=1 0 
0 95 10 0 0 1 0 0 1 0 23 4
0 8 0 1 1 0 0 1
cfn=(300)
calls=1 0 
0 67 11 10 3 0 0 3 0 0 14 7
0 11 0 2
cfn=(676)
calls=1 0 
0 861 269 1 0 0 0 0 0 0 268 6
0 3 0 1
cfn=(676)
calls=1 0 
0 6 3 0 0 0 0 0 0 0 2 1
0 15 2 1 1 0 0 1 0 0 4 1
cfn=(904) 0x0000000000000ae0
calls=1 0 
0 2389 497 291 81 18 30 81 18 30 425 127 11 2
0 14 1 2 2 0 0 2

fn=(300)
0 976 147 122 6 0 14 6 0 14 229 101

fn=(778)
0 30 15 5 2 0 0 1 0 0 5

fn=(1392)
0 336 64 144 4 0 1 4 0 1 16
cfn=(540) 0x000000000001a9c0
calls=8 0 
0 304 52 44 0 0 1 0 0 1 56 9
0 350 102 22 3 0 0 3 0 0 72 14
cfn=(540)
calls=14 0 
0 254 28 14 0 0 0 0 0 0 84 37
0 56 28 14
cfn=(540)
calls=14 0 
0 394 60 46 0 0 0 0 0 0 84 15
0 140 70 14 1 0 0 1 0 0 14
cfn=(1412)
calls=14 0 
0 546 140 140 4 0 2 4 0 2 42 12
0 242 70 16 2 0 0 2 0 0 36 4
cfn=(1432)
calls=8 0 
0 98 8 6 1 0 0 1 0 0 16 4
0 278 98 24 3 0 0 3 0 0 48 10

fn=(1982)
0 542 127 134 4 4 0 4 4 0 66 7
cfn=(932)
calls=47 0 
0 3006 915 190 0 0 0 0 0 0 590 70
0 450 201 6 1 8 0 1 8 0 76 8
cfn=(2004)
calls=3 0 
0 677 236 27 4 16 0 4 15 0 200 14
0 54 18 36
cfn=(2004)
calls=18 0 
0 3155 1079 162 0 20 0 0 19 0 863 45
0 902 232 9 4 18 0 4 18 0 118 42
cfn=(286)
calls=6 0 
0 258 42 30 0 0 0 0 0 0 24 2 12
0 6 6 0 0 0 0 0 0 0 0 0 6
0 1942 652 312 4 0 40 4 0 39 218 40

fn=(102)
0 153 45 36 3 9 1 3 9 1 14 2

fn=(146) 0x0000000000018180
0 12 1 1 1 0 1 1 0 1 2

fn=(186) 0x00000000000181e0
0 17 5 2 2 0 1 2 0 1 3 1

fn=(278)
0 90 0 66 2 0 3 2 0 3
cfn=(160)
calls=6 0 
0 351 45 0 0 1 0 0 1 0 101 24
0 120 12 12 1 0 0 1 0 0 6
cfn=(286)
calls=6 0 
0 263 42 31 5 0 1 5 0 1 24 6 12 2
0 6 6 0 1 0 0 1 0 0 0 0 6 1
0 72 12 24 1 0 13 1 0 13 6
cfn=(300)
calls=6 0 
0 178 27 21 3 0 7 3 0 7 42 19
0 360 58 81 5 6 19 5 6 19 56 31
cfn=(160)
calls=5 0 
0 334 31 0 0 0 0 0 0 0 77 10
0 139 57 21 3 0 6 3 0 6 11 4
cfn=(540)
calls=5 0 
0 190 32 27 3 0 4 3 0 4 46 25
0 366 84 10 2 0 0 2 0 0 84 34
cfn=(290)
calls=5 0 
0 191 34 27 0 0 0 0 0 0 17 4 5
0 5 5 0 0 0 0 0 0 0 0 0 5
0 25 0 0 0 0 0 0 0 0 5

fn=(352)
0 104 52 52 1 0 1

fn=(674)
0 38 0 26 1 0 0 1
cfn=(676)
calls=2 0 
0 792 236 2 2 0 0 2 0 0 234 27
0 14 2 2 1 0 0 1 0 0 2
cfn=(698)
calls=2 0 
0 409 59 37 8 1 1 8 1 1 56 13 4
0 6 0 2
cfn=(160)
calls=2 0 
0 111 10 0 0 0 0 0 0 0 26 4
0 24 5 1 2 0 0 2 0 0 8 1
cfn=(160)
calls=1 0 
0 16 2 0 0 0 0 0 0 0 3 3
0 11 2 5 1 0 0 1
cfn=(290)
calls=1 0 
0 34 6 5 0 0 0 0 0 0 3 1 1
0 1 1 0 0 0 0 0 0 0 0 0 1
0 9 2 4
cfn=(290)
calls=1 0 
0 34 6 5 0 0 0 0 0 0 3 1 1
0 1 1 0 0 0 0 0 0 0 0 0 1
0 22 4 6 1 0 2 1 0 2 2
cfn=(540)
calls=2 0 
0 76 13 11 0 0 2 0 0 2 14 1
0 82 13 13 3 0 0 3 0 0 16 5
cfn=(300)
calls=1 0 
0 18 2 1 0 0 0 0 0 0 6 4
0 9 1 5
cfn=(778)
calls=1 0 
0 6 3 1 1 0 0 1 0 0 1
0 1 1 0 1 0 0 1 0 0 0 0 1 1
0 8 1 4
cfn=(778)
calls=1 0 
0 6 3 1 0 0 0 0 0 0 1
0 1 1 0 0 0 0 0 0 0 0 0 1
0 6 4 2 1 0 0 1
cfn=(676)
calls=2 0 
0 12 6 0 0 0 0 0 0 0 4 2
0 103 36 8 4 0 0 4 0 0 24 10

fn=(904)
0 17 1 8 1 0 0 1
cfn=(906)
calls=1 0 
0 2361 490 283 79 18 30 79 18 30 424 126 11 2
0 11 6 0 1 0 0 1 0 0 1 1

fn=(908)
0 26 13

fn=(1412)
0 324 36 144 2 0 2 2 0 2 18
cfn=(984)
calls=18 0 
0 146 18 14 0 0 0 0 0 0 18 8
0 90 4 30 1 0 0 1 0 0 18 4
cfn=(994)
calls=4 0 
0 20 4 0 0 0 0 0 0 0 4
0 56 4 8 1 0 0 1 0 0 12 1
cfn=(236)
calls=4 0 
0 352 92 24 0 0 0 0 0 0 72 5
0 36 4 4 0 0 0 0 0 0 8
cfn=(236)
calls=4 0 
0 320 84 24 0 0 0 0 0 0 64 4
0 456 74 2 4 0 0 4 0 0 94 21
cfn=(236)
calls=2 0 
0 146 24 12 0 0 0 0 0 0 20 14
0 16 0 4 1 0 0 1
cfn=(236)
calls=4 0 
0 320 84 32 3 0 0 3 0 0 52 16
0 218 142 0 3 0 0 3 0 0 14 3

fn=(1490) 0x0000000000011020
0 11 0 5 2 0 0 2
cfn=(984)
calls=1 0 
0 5 1 0 0 0 0 0 0 0 1
0 7 0 1 0 0 0 0 0 0 1
cfn=(1050)
calls=1 0 
0 10 1 0 0 0 0 0 0 0 2
0 8 1 2 0 0 1 0 0 1 2 1
cfn=(1282)
calls=1 0 
0 5 1 0 0 0 0 0 0 0 1
0 13 5 1 1 0 0 1
cfn=(596)
calls=1 0 
0 6 1 0 0 0 0 0 0 0 1
0 2

fn=(2306) 0x0000000000009ef0
0 186822 69904 33545 7 766 11 7 106 1 36120 1726
cfn=(932)
calls=221 0 
0 11560 3587 884 0 62 0 0 0 0 2040 190
0 38650 14258 3832 4 4 0 4 0 0 6047 333 50 1
cfn=(342)
calls=50 0 
0 100 50 50 0 0 2 0 0 1
0 3191 594 199 3 44 0 3 27 0 427 129
cfn=(2710) 0x0000000000011230
calls=2 0 
0 144 14 0 1 2 0 1 1 0 20 7
0 8 0 2 1 0 0 1
cfn=(286)
calls=2 0 
0 107 18 12 0 2 0 0 0 0 10 0 4
0 2 2 0 0 2 0 0 0 0 0 0 2
0 2384 393 284 2 76 0 2 57 0 284 82 2 1
cfn=(778)
calls=2 0 
0 12 6 2 1 0 0 0 0 0 2
0 462 302 108 2 2 0 2 0 0 50 9 50 1
cfn=(352)
calls=50 0 
0 100 50 50
0 2471 422 201 4 3 0 4 2 0 244 90
cfn=(286)
calls=1 0 
0 43 7 5 0 1 0 0 0 0 4 1 2 1
0 1 1 0 0 1 0 0 0 0 0 0 1
0 154346 47051 49891 4 25 3 4 4 0 12950 2862
cfn=(2350) 0x0000000000009d70
calls=7893 0 
0 250234 90747 37528 4 72 14 4 19 0 33414 2668
0 556606 83526 9972 7 1545 0 7 420 0 63648 2825
cfn=(2350)
calls=1244 0 
0 174002 58682 7513 3 326 0 2 172 0 41121 1394
0 6220 3732 0 0 0 0 0 0 0 1244 3

fn=(2350)
0 154843 44249 43799 3 256 14 3 139 0 21803 2496
cfn=(410)
calls=3029 0 
0 44580 15737 0 0 58 0 0 36 0 9730 272
0 89976 58117 1242 4 47 0 3 11 0 6761 18
cfn=(410)
calls=1242 0 
0 107778 31326 0 0 37 0 0 5 0 30084 1272
0 27059 0 0 0 0 0 0 0 0 6157 4

fn=(2866)
0 103 25 12 2 1 0 2 0 0 17 5
cfn=(2872) 0x00000000000100a0
calls=6 0 
0 9438 2411 1167 105 146 28 105 29 19 1518 245 37 31
0 17 8 1 2 0 0 2 0 0 1
cfn=(2872)
calls=1 0 
0 78 24 9 7 2 1 6 0 0 10 1 2 2
0 2 0 1

fn=(110)
0 374 94 25 6 14 5 6 14 5 86 18 17 13
cfn=(146)
calls=1 0 
0 12 1 1 1 0 1 1 0 1 2
0 7 2 1 0 1 0 0 1 0 2 1
cfn=(186)
calls=1 0 
0 17 5 2 2 0 1 2 0 1 3 1
0 12 3 1 1 0 0 1 0 0 2 0 1 1
cfn=(200)
calls=1 0 
0 2101423 499469 196539 579 7870 1489 578 4906 1123 302072 15471 2518 56
0 28 17 1 3 1 0 3
cfn=(160)
calls=1 0 
0 41 4 0 4 0 0 4 0 0 11 3
0 2 0 1 1 0 0 1

fn=(236)
0 1755 438 134 12 9 1 12 9 1 329 69

fn=(340)
0 54 12 24 2 0 0 2 0 0 0 0 6 1
cfn=(342)
calls=6 0 
0 12 6 6 1 0 1 1 0 1
0 208 50 29 1 0 1 1 0 1 26 13 6 1

fn=(410)
0 163973 51073 0 1 154 0 1 57 0 42436 1932

fn=(466)
0 21 8 7 2 0 1 2 0 1 1 1
cfn=(470) 0x00000000000196e0
calls=1 0 
0 5 1 0 1 0 0 1 0 0 1
0 67 7 0 2 2 0 2 2 0 14 6

fn=(540)
0 1299 195 148 5 2 9 5 1 9 309 104

fn=(698)
0 33 0 18 1 0 1 1 0 1
cfn=(700)
calls=3 0 
0 141 18 0 6 1 0 6 1 0 9 6
0 12 0 3 0 0 0 0 0 0 3
cfn=(160)
calls=3 0 
0 197 18 0 0 0 0 0 0 0 46 11
0 9 0 3 1 0 0 1
cfn=(290)
calls=3 0 
0 102 18 15 0 0 1 0 0 1 9 2 3
0 3 3 0 0 0 0 0 0 0 0 0 3
0 165 38 20 0 0 1 0 0 1 29 7

fn=(1050)
0 60 6 0 1 0 0 1 0 0 12

fn=(1178)
0 45 9 0 1 0 0 1 0 0 9

fn=(1348)
0 1110 211 86 9 1 0 9 0 0 302 23
cfn=(700)
calls=11 0 
0 301 39 0 0 4 0 0 4 0 24 6
0 99 44 22 1 0 0 1 0 0 11
cfn=(906)
calls=11 0 
0 29572 5418 7206 80 115 160 80 115 160 9726 841 58 1
0 205 52 45 2 1 0 2 0 0 33 6
cfn=(290)
calls=5 0 
0 170 30 25 0 0 0 0 0 0 15 3 5
0 5 5 0 0 0 0 0 0 0 0 0 5
0 55 0 10 1 0 0 1 0 0 5
cfn=(300)
calls=5 0 
0 129 18 13 0 0 2 0 0 2 38 15
0 20 0 5
cfn=(300)
calls=5 0 
0 129 18 13 0 0 2 0 0 2 38 20
0 95 33 13 3 0 0 3 0 0 23 17
cfn=(290)
calls=1 0 
0 55 10 7 0 0 0 0 0 0 5 1 1
0 1 1 0 0 0 0 0 0 0 0 0 1
0 108 37 21 4 0 1 4 0 1 12 6
cfn=(608)
calls=1 0 
0 20 1 14 0 0 0 0 0 0 15 2
0 443 104 24 3 0 0 3 0 0 98 26
cfn=(608)
calls=5 0 
0 60 5 30 0 0 0 0 0 0 35 9
0 527 57 15 7 1 0 7 0 0 154 13
cfn=(300)
calls=1 0 
0 51 9 8 0 0 0 0 0 0 12 5
0 4 0 1 0 0 0 0 0 0 1 1

fn=(1484)
0 104 19 36 2 0 0 2 0 0 15 2
cfn=(510)
calls=4 0 
0 36 4 4 0 0 0 0 0 0 4 3
0 538 74 43 2 26 0 2 26 0 50
cfn=(1560)
calls=31 0 
0 2595 391 0 4 28 0 4 28 0 714 56
0 141 0 1 2 0 0 2 0 0 70 24
cfn=(1490)
calls=1 0 
0 67 10 9 3 0 1 3 0 1 8 1
0 10 1 1 1 0 0 1 0 0 2
cfn=(236)
calls=1 0 
0 112 29 6 0 2 0 0 2 0 24 2
0 15 1 3 1 0 0 1 0 0 2
cfn=(236)
calls=1 0 
0 111 20 6 6 2 0 6 2 0 18 9
0 142 26 11 1 3 0 1 3 0 23 3
cfn=(1560)
calls=7 0 
0 821 121 0 0 5 0 0 5 0 225 9
0 12 0 4 1 0 0 1
cfn=(1560)
calls=4 0 
0 706 102 0 0 2 0 0 2 0 192 12
0 254 88 0 6 0 0 6 0 0 63 12

fn=(2180)
0 22 8 7 3 1 0 3 0 0 3 2

fn=(2710)
0 144 14 0 1 2 0 1 1 0 20 7

fn=(294)
0 928 92 137 3 3 2 3 0 2 132 30
cfn=(596)
calls=5 0 
0 30 5 0 1 0 0 1 0 0 5
0 472 143 94 1 0 0 1 0 0 5

fn=(342)
0 116 58 58 1 0 4 1 0 2

fn=(470)
0 5 1 0 1 0 0 1 0 0 1

fn=(504)
0 29 3 13 4 0 1 4 0 1 2 2
cfn=(510)
calls=1 0 
0 9 1 1 2 0 1 2 0 1 1 1
0 61 6 14 7 0 0 7 0 0 7 4
cfn=(290)
calls=1 0 
0 34 6 5 0 0 0 0 0 0 3 1 1
0 1 1 0 0 0 0 0 0 0 0 0 1
0 164 26 14 7 0 0 7 0 0 26 11
cfn=(540)
calls=1 0 
0 22 3 2 2 1 1 2 1 1 6 3
0 5 2 2 1 0 0 1
cfn=(540)
calls=1 0 
0 22 3 2 0 0 0 0 0 0 6 3
0 4 0 3

fn=(510)
0 54 6 6 2 0 1 2 0 1 6 5

fn=(608)
0 5294 23 5156 2 0 83 1 0 83 5179 64

fn=(1744)
0 16 6 2 1 0 0 1 0 0 2

fn=(1972)
0 6 2 2 1 0 0 1
cfn=(1974)
calls=1 0 
0 11109 3527 917 20 66 40 20 64 39 2170 233 18
0 4 2 0 0 0 0 0 0 0 1 1

fn=(2118)
0 107 19 11 6 0 0 6 0 0 11 3

fn=(2142)
0 7 2 4 1 0 0 1
cfn=(294)
calls=1 0 
0 51 9 7 0 0 0 0 0 0 5 1
0 1 1 0 0 0 0 0 0 0 0 0 1
0 315 1 289 2 0 36 2 0 36 296 10
cfn=(286)
calls=1 0 
0 43 7 5 0 0 0 0 0 0 4 0 2
0 1 1 0 0 0 0 0 0 0 0 0 1
0 10 4 2 0 0 1 0 0 1 1

fn=(2290)
0 451484 61475 27808 6 1222 11 6 1042 1 53891 1326
cfn=(2306)
calls=1264 0 
0 1387465 373346 144078 43 2933 30 41 808 2 197625 12319 111 4
0 45366 18880 2529 5 8 0 5 1 0 8828 26

fn=(4298)
0 11 7 0 1 2 0 1 0 0 2 1

fn=(596)
0 108 18 0 1 0 0 1 0 0 18

fn=(912)
0 228 60 96 2 0 1 2 0 1

fn=(2812)
0 68 17 15 4 2 1 4 0 0 9 6
cfn=(540)
calls=2 0 
0 37 4 2 0 1 1 0 0 1 13 11
0 10 0 2
cfn=(608)
calls=2 0 
0 204 2 192 0 0 3 0 0 3 194 7
0 51 21 1 3 1 0 3 0 0 8 3

fn=(2872)
0 180 42 47 1 12 1 1 0 0 23 2 5 5
cob=(2)
cfi=(2)
cfn=(3116) 0x0000000004c7ec48
calls=1 0 
0 6 2 0 1 1 0 1 0 0 1 1
cob=(2)
cfi=(2)
cfn=(3104) 0x0000000004f2f400
calls=1 0 
0 6 2 0 0 1 0 0 0 0 1 1
cob=(2)
cfi=(2)
cfn=(3080) 0x00000000052327c0
calls=1 0 
0 6 2 0 1 1 0 1 0 0 1 1
cob=(3)
cfi=(3)
cfn=(2924) 0x0000000000021c20
calls=1 0 
0 211 45 26 16 13 5 16 0 3 16 10
cob=(2)
cfi=(2)
cfn=(2882) 0x0000000004a254d8
calls=1 0 
0 6 2 0 1 0 0 0 0 0 1
0 85 30 5 1 10 0 1 0 0 10 2 5 5
cob=(7)
cfi=(7)
cfn=(3120) 0x000000000005bd00
calls=1 0 
0 16 3 1 2 1 0 2 0 0 2 1
cob=(4)
cfi=(4)
cfn=(3108) 0x00000000000059d0
calls=1 0 
0 16 3 1 3 0 0 3 0 0 2 1
cob=(6)
cfi=(6)
cfn=(3084) __cpu_indicator_init
calls=1 0 
0 204 26 25 13 2 0 13 1 0 13 3 1 1
cob=(3)
cfi=(3)
cfn=(2960) 0x0000000000021980
calls=1 0 
0 1342 140 59 20 9 2 20 8 2 357 90
cob=(5)
cfi=(5)
cfn=(2892) 0x0000000000000610
calls=1 0 
0 17 3 1 3 0 0 3 0 0 2 1
0 36 9 9 0 0 0 0 0 0 0 0 9 9
cob=(7)
cfi=(7)
cfn=(3264) 0x000000000005bbd0
calls=1 0 
0 166 35 40 2 0 2 2 0 1 18 6 4 2
cob=(7)
cfi=(7)
cfn=(3262) 0x000000000005b9a0
calls=1 0 
0 54 2 52 9 1 6 9 1 6
cob=(7)
cfi=(7)
cfn=(3236) 0x000000000005b8e0
calls=1 0 
0 49 25 12 3 13 0 3 3 0 12 2
cob=(7)
cfi=(7)
cfn=(3210) 0x000000000005b820
calls=1 0 
0 49 25 12 3 15 0 3 3 0 12 1
cob=(7)
cfi=(7)
cfn=(3184) 0x000000000005b710
calls=1 0 
0 73 7 38 4 2 4 4 2 4 26 16
cob=(7)
cfi=(7)
cfn=(3182) 0x000000000005b6d0
calls=1 0 
0 6 1 5 1 0 2 1
cob=(7)
cfi=(7)
cfn=(3128) 0x000000000005b6b0
calls=1 0 
0 6878 1982 842 24 66 7 24 11 3 1012 99 15 11
cob=(6)
cfi=(6)
cfn=(3096) 0x0000000000002fe0
calls=1 0 
0 17 3 1 3 0 0 3 0 0 2 1
cob=(3)
cfi=(3)
cfn=(3076) 0x0000000000021be0
calls=1 0 
0 4 3 0 0 0 0 0 0 0 1 1
0 89 43 0 1 1 0 1 0 0 16 7

ob=(5)
fl=(5)
fn=(2892)
0 17 3 1 3 0 0 3 0 0 2 1

fn=(4414)
0 8 3 2 1 2 0 0 0 0 2
cob=(1)
cfi=(1)
cfn=(2601)
calls=1 0 
0 1209 353 141 9 17 0 8 0 0 198 38 1 1
0 5 3 2 1 1 0 1 0 0 0 0 2 2
0 1 0 1
cfn=(4442) 0x0000000000000540
calls=1 0 
0 9 2 1 1 0 0 1 0 0 1 1
0 3 2 1 1

fn=(4442)
0 9 2 1 1 0 0 1 0 0 1 1

ob=(3)
fl=(3)
fn=(4606) _IO_file_setbuf
0 3 0 2 1 0 0 1
cfn=(4608) 0x000000000007c4f0
calls=1 0 
0 51 14 16 6 0 0 6 0 0 6 3 1 1
0 12 3 6 0 0 0 0 0 0 1

fn=(4608)
0 8 2 4 2 0 0 2 0 0 0 0 1 1
cfn=(4610) _IO_file_sync
calls=1 0 
0 13 6 2 2 0 0 2 0 0 2 1
0 30 6 10 2 0 0 2 0 0 4 2

fn=(2526) 0x0000000000022100
0 59 4 14 7 0 1 7 0 1 9 3

fn=(2956) __ctype_init
0 16 10 3 3 4 0 3

fn=(3452) brk
0 39 6 3 1 0 0 1 0 0 6

fn=(3596)
0 1324 183 0 6 11 0 6 11 0 142 16

fn=(3692)
0 156 0 48 2 0 0 2 0 0 24 9
cfn=(3328)
calls=11 0 
0 2372 411 414 4 0 3 4 0 3 408 66
cob=(1)
cfi=(1)
cfn=(2601)
calls=1 0 
0 1328 394 194 1 14 3 1 0 1 206 35 1 1
0 16 14 2 1 1 0 1 0 0 0 0 13 12
0 240 60 96 2 0 3 2 0 3 24
cfn=(3698) 0x00000000000ec130
calls=12 0 
0 96 12 0 2 0 0 2 0 0 12 1
0 132 0 0 1 0 0 1 0 0 12 1

fn=(4240) strchrnul
0 718 106 0 6 7 0 6 7 0 42 6

fn=(4272)
0 15 3 0 0 0 0 0 0 0 3 1

fn=(4282) 0x0000000000049880
0 44 4 2 3 1 0 3 1 0 4 2

fn=(4288) exit
0 4 0 1 1 0 0 1
cfn=(4290) 0x000000000003c070
calls=1 0 
0 11008 3241 1345 90 158 8 78 5 0 1886 260 39 33

fn=(4610)
0 13 6 2 2 0 0 2 0 0 2 1

fn=(2558)
0 55 4 5 2 0 0 2 0 0 5 3
cfn=(2552) 0x00000000001373a0
calls=1 0 
0 7 3 0 0 0 0 0 0 0 1 1
0 6 1

fn=(2560)
0 20 7 0 4 0 0 4 0 0 4 1

fn=(2960)
0 11 2 4 1 1 0 1 0 0 2 1
cfn=(2966) 0x00000000000a24a0
calls=1 0 
0 734 80 27 12 8 0 12 8 0 204 59
0 4 1 1 1 0 0 1
cfn=(2966)
calls=1 0 
0 464 51 19 0 0 0 0 0 0 129 21
0 129 6 8 6 0 2 6 0 2 22 9

fn=(2976) 0x00000000000a2150
0 1086 116 18 7 8 0 7 8 0 323 78

fn=(3160)
0 32 0 16 2 0 0 2
cfn=(3162) 0x000000000003c1f0
calls=4 0 
0 170 32 29 6 3 2 6 1 2 31 13
0 56 20 16 0 0 2 0 0 0 4

fn=(3162)
0 170 32 29 6 3 2 6 1 2 31 13

fn=(3338) _dl_addr
0 14 2 9 2 1 0 2 0 0 0 0 1 1
cob=(1)
cfi=(1)
cfn=(342)
calls=1 0 
0 2 1 1 0 0 1
0 2 0 1
cob=(1)
cfi=(1)
cfn=(2601)
calls=1 0 
0 2087 618 228 4 24 2 4 2 0 346 32 1 1
0 5 3 2 2 2 0 1 0 0 0 0 2 2
0 56016 13648 5 5 1033 1 5 850 0 12816 1937 1 1
cob=(1)
cfi=(1)
cfn=(352)
calls=1 0 
0 2 1 1 0 0 1
0 13 7 2 3 0 0 3

fn=(3396) 0x000000000007f240
0 793 9 263 4 0 32 4 0 32 129 10

fn=(3450) sbrk
0 46 8 11 1 4 0 1 1 0 12 4
cfn=(3452)
calls=2 0 
0 26 4 2 0 0 0 0 0 0 4
0 21 12 1 1 0 0 1 0 0 2
cfn=(3452)
calls=1 0 
0 13 2 1 1 0 0 1 0 0 2
0 4 1 0 0 0 0 0 0 0 1

fn=(3594)
0 15 0 12 1 0 0 1
cfn=(3596)
calls=3 0 
0 128 23 0 6 5 0 6 5 0 10 4
0 74 32 11 3 6 0 3 2 0 15 5 1 1
cfn=(3598) _IO_file_xsputn
calls=1 0 
0 2281 651 299 26 3 1 26 0 0 495 18 45 4
0 8 4 2 0 0 0 0 0 0 0 0 2
cfn=(3598)
calls=2 0 
0 2827 772 338 7 0 1 7 0 1 650 33 48
0 85 30 12 3 0 0 2 0 0 20 7
cfn=(3616) __overflow
calls=3 0 
0 411 114 66 11 0 0 10 0 0 69 23 6 2
0 9 0 0 0 0 0 0 0 0 3

fn=(3612) _IO_do_write
0 301 70 69 3 0 0 3 0 0 40 14 13 1
cfn=(3618) _IO_file_write
calls=13 0 
0 559 130 65 4 0 0 4 0 0 91 8
0 338 117 78 2 0 0 2 0 0 39 4

fn=(3622) 0x000000000008d190
0 1155 179 141 5 0 4 5 0 1 294 94

fn=(3698)
0 96 12 0 2 0 0 2 0 0 12 1

fn=(3740) 0x000000000008ce20
0 2065 377 332 3 0 0 3 0 0 287 51

fn=(3762)
0 1801 343 149 11 3 4 11 2 4 192 28 63 35

fn=(3878)
0 210 42 30 2 0 4 2 0 4 39 4

fn=(4146)
0 6 3 0 1 0 0 1 0 0 2 1

fn=(4148)
0 180 33 12 9 2 0 9 2 0 27 10 6 2

fn=(4248) 0x000000000001f66b
0 210 52 14 2 0 0 2 0 0 26 4

fn=(3356) 0x0000000000108e20
0 9 3 2 2 2 0 2 1 0 2 1

fn=(3554)
0 6 3 0 2 0 0 2 0 0 2 1

fn=(3572)
0 1213 161 39 14 3 0 14 3 0 118 26 24 19

fn=(3608)
0 30 5 0 1 0 0 1 0 0 5

fn=(3790)
0 60 12 24 0 0 0 0 0 0 12
cfn=(3796)
calls=11 0 
0 1331 319 209 1 0 0 1 0 0 330 17
cob=(1)
cfi=(1)
cfn=(2601)
calls=1 0 
0 1331 442 208 17 7 1 17 0 0 213 33 1 1
0 16 14 2 0 1 0 0 0 0 0 0 13 2
0 96 24 0 1 0 0 1 0 0 12

fn=(4196)
0 10 2 0 1 0 0 1 0 0 2 1

fn=(2556)
0 11 5 0 2 0 0 2 0 0 4 3

fn=(3076)
0 4 3 0 0 0 0 0 0 0 1 1

fn=(3496)
0 138 138 0 1 0 0 1

fn=(3502)
0 77 22 0 1 0 0 1 0 0 22 1

fn=(3510)
0 120 12 0 1 0 0 1 0 0 24

fn=(3598)
0 887 41 272 2 0 2 2 0 0 89 28
cfn=(3622)
calls=38 0 
0 1155 179 141 5 0 4 5 0 1 294 94
0 743 295 49 2 1 0 2 0 0 39 8 11 1
cfn=(3600) _IO_file_overflow
calls=11 0 
0 1307 341 224 17 2 0 17 0 0 192 28 12 2
0 173 22 2 1 0 0 1 0 0 44 3
cfn=(3614) _IO_default_xsputn
calls=2 0 
0 4182 1220 526 4 0 1 4 0 0 952 15 86 1
0 4208 839 0 2 2 0 2 1 0 1592 59

fn=(3602) _IO_doallocbuf
0 16 8 4 2 1 0 2 0 0 2 2 1 1
cfn=(3604) _IO_file_doallocate
calls=1 0 
0 94 18 12 8 1 0 8 0 0 10 3 1 1
0 2 0 0 0 0 0 0 0 0 1

fn=(3610) _IO_setb
0 21 5 5 1 0 0 1 0 0 1 1

fn=(4236)
0 152 16 80 4 1 0 4 0 0 8 7
cfn=(4238) vfprintf
calls=8 0 
0 11096 2403 1143 81 22 11 81 15 0 2653 336 66 13
0 16 8

fn=(2550)
0 55 4 5 2 1 0 2 1 0 5 3
cfn=(2552)
calls=1 0 
0 7 3 0 2 2 0 2 0 0 1 1
0 6 1 0 1 0 0 1

fn=(2966)
0 44 0 20 2 0 0 2 0 0 2 1
cfn=(2976)
calls=2 0 
0 652 64 6 5 6 0 5 6 0 204 35
0 14 0 2 1 0 0 1 0 0 2
cfn=(2976)
calls=2 0 
0 325 36 6 0 2 0 0 2 0 94 31
0 9 0 1 0 0 0 0 0 0 2 1
cfn=(2976)
calls=1 0 
0 20 4 3 0 0 0 0 0 0 2 1
0 7 1 1 0 0 0 0 0 0 1
cfn=(2976)
calls=1 0 
0 89 12 3 2 0 0 2 0 0 23 11
0 38 14 4 2 0 0 2 0 0 3

fn=(3534)
0 1488 294 0 14 5 0 14 4 0 203 41

fn=(3618)
0 286 26 65 2 0 0 2 0 0 39 2
cfn=(3620) write
calls=13 0 
0 91 26 0 1 0 0 1 0 0 26
0 182 78 0 1 0 0 1 0 0 26 6

fn=(3620)
0 91 26 0 1 0 0 1 0 0 26

fn=(4088)
0 24 0 6 1 0 0 1
cfn=(4090) strtol
calls=6 0 
0 636 108 60 12 8 0 12 3 0 138 15
0 12 6

fn=(4260) _IO_padn
0 158 20 34 3 0 0 3 0 0 22 21 10 1
cfn=(3598)
calls=10 0 
0 1530 290 100 0 1 1 0 1 0 440 34
0 72 12 6 1 0 0 1 0 0 16 4 6 1
cfn=(3598)
calls=6 0 
0 650 121 60 0 0 0 0 0 0 152 29
0 48 30

fn=(4290)
0 9 0 5 2 0 1 2
cfn=(4292) __call_tls_dtors
calls=1 0 
0 1738 540 214 3 27 0 3 0 0 280 30 3 3
0 69 9 6 1 4 0 1 0 0 20 4 1 1
cfn=(4550) 0x000000000007cc20
calls=1 0 
0 255 70 56 22 8 0 22 4 0 50 23 2 2
0 5 0 1 0 0 0 0 0 0 1
cfn=(4640) _Exit
calls=1 0 
0 8 1 0 2 0 0 2
0 6 3 1 2 1 0 2 0 0 0 0 1 1
cob=(1)
cfi=(1)
cfn=(4310)
calls=1 0 
0 8917 2618 1062 58 118 7 46 1 0 1535 203 32 26
0 1

fn=(4552) 0x000000000007c990
0 88 25 12 8 8 0 8 4 0 22 12

fn=(4640)
0 5 1 0 1 0 0 1

fn=(2944) 0x00000000000fad80
0 12 1 3 1 0 0 1 0 0 2 2
cfn=(2950) rindex
calls=1 0 
0 54 5 0 4 2 0 4 0 0 4 1
0 12 6 2 1 1 1 1

fn=(3312) __sigsetjmp
0 27 6 10 3 0 0 3 0 0 1 1

fn=(3530)
0 10 3 0 1 2 0 1 0 0 1

fn=(3570)
0 6 3 0 2 0 0 2 0 0 2 2

fn=(3606) _IO_file_stat
0 4 1 0 1 0 0 1
cfn=(3510)
calls=1 0 
0 10 1 0 0 0 0 0 0 0 2

fn=(4264) strnlen
0 86 12 4 4 0 1 4 0 0 8 4

fn=(2524)
0 3 1 1 1 1 0 1 1 0 1
cfn=(2526)
calls=1 0 
0 59 4 14 7 0 1 7 0 1 9 3
0 9 4 0 1 0 0 1 0 0 3 2

fn=(3334) 0x0000000000084250
0 24 3 13 3 2 3 3 0 2 1 1
cfn=(3356)
calls=1 0 
0 9 3 2 2 2 0 2 1 0 2 1
0 317 107 2 3 35 1 3 1 0 100 20
cfn=(3338)
calls=1 0 
0 58141 14280 249 16 1060 5 15 852 0 13162 1969 5 5
0 16 7 0 0 1 0 0 0 0 7 4

fn=(3448) __default_morecore
0 6 0 3 1 0 0 1
cfn=(3450)
calls=3 0 
0 110 27 15 3 4 0 3 1 0 21 4
0 18 3

fn=(3600)
0 3148 842 488 4 0 1 4 0 0 760 22
cfn=(3612)
calls=3 0 
0 273 72 48 8 0 0 8 0 0 39 12 3 1
0 72 33 0 1 0 0 1 0 0 3 2
cfn=(3612)
calls=11 0 
0 925 245 164 1 0 0 1 0 0 131 14 10
0 2 0 1 1 0 0 1
cfn=(3602)
calls=1 0 
0 112 26 16 10 2 0 10 0 0 13 5 2 2
0 6 2 3

fn=(3616)
0 18 9 0 3 0 0 2 0 0 3 3 3 1
cfn=(3600)
calls=3 0 
0 393 105 66 8 0 0 8 0 0 66 20 3 1

fn=(3730) 0x00000000000bde20
0 432 24 132 2 2 0 2 2 0 48 13
cfn=(3596)
calls=12 0 
0 192 24 0 0 1 0 0 1 0 24
0 165 66 33 0 4 0 0 4
cfn=(3596)
calls=33 0 
0 528 66 0 0 4 0 0 4 0 66 2
0 180 0 45
cfn=(3740)
calls=45 0 
0 2065 377 332 3 0 0 3 0 0 287 51
0 393 189 45 1 0 0 1 0 0 45 17

fn=(3796)
0 1448 349 221 18 0 0 18 0 0 360 29

fn=(4292)
0 5 0 4 1 0 0 1
cob=(1)
cfi=(1)
cfn=(2601)
calls=1 0 
0 1721 532 208 1 27 0 1 0 0 279 29 1 1
0 5 3 2 0 0 0 0 0 0 0 0 2 2
0 7 5 0 1 0 0 1 0 0 1 1

fn=(2950)
0 54 5 0 4 2 0 4 0 0 4 1

fn=(3294)
0 21 1 10 2 0 0 2 0 0 2 1
cfn=(3160)
calls=1 0 
0 66 13 15 0 0 1 0 0 0 9 3
0 13 6 1 1 0 0 1 0 0 2 0 1 1
cob=(8)
cfi=(8)
cfn=(3296) __libc_csu_init
calls=1 0 
0 56 13 9 6 1 0 5 1 0 5 2 1 1
0 8 2 1 0 0 0 0 0 0 2
cfn=(3310) _setjmp
calls=1 0 
0 29 6 10 4 0 0 4 0 0 1 1
0 14 7 4 1 2 0 1 0 0 1 1 1 1
cob=(8)
cfi=(9) /home/kordax/Projects/litedet/build-debug/../main.c
cfn=(3318) main
calls=1 52 
0 187787 52837 16032 438 1511 137 435 961 96 34733 3910 822 186
0 2 0 1 1
cfn=(4288)
calls=1 0 
0 11012 3241 1346 91 158 8 79 5 0 1886 260 39 33
0 2 0 0 1 0 0 1

fn=(3328)
0 1058 252 202 1 1 0 1 0 0 201 21
cfn=(3384) 0x0000000000080700
calls=50 0 
0 10107 1205 1683 31 2 49 31 0 48 1673 307 1 1
0 1008 256 53 4 1 0 4 1 0 299 27 1 1
cfn=(3334)
calls=1 0 
0 58507 14400 266 24 1100 9 23 854 2 13272 1995 5 5
0 3 1
cfn=(3329) malloc'2
calls=1 0 
0 1190 85 322 43 15 35 43 6 33 190 30 2 2

fn=(3329)
0 21 5 4 1 3 1 1 0 0 4 1
cfn=(3384)
calls=1 0 
0 1149 75 317 41 12 34 41 6 33 180 28 2 2
0 20 5 1 1 0 0 1 0 0 6 1

fn=(3522)
0 7 2 0 1 0 0 1 0 0 2

fn=(3604)
0 11 3 4 2 1 0 2 0 0 1 0 1 1
cfn=(3606)
calls=1 0 
0 14 2 0 1 0 0 1 0 0 2
0 15 1 1 1 0 0 1 0 0 2 1
cfn=(3608)
calls=1 0 
0 6 1 0 1 0 0 1 0 0 1
0 7 0 1 0 0 0 0 0 0 1
cfn=(3610)
calls=1 0 
0 21 5 5 1 0 0 1 0 0 1 1
0 20 6 1 2 0 0 2 0 0 2 1

fn=(3614)
0 632 258 96 2 0 0 2 0 0 90 2 86 1
cfn=(3600)
calls=86 0 
0 2838 774 430 0 0 1 0 0 0 688 7
0 712 188 0 2 0 0 2 0 0 174 6

fn=(3728)
0 1584 468 399 3 0 0 3 0 0 216 40
cfn=(3730)
calls=24 0 
0 3955 746 587 6 11 0 6 11 0 470 83
0 771 342 81 1 0 0 1 0 0 150 20

fn=(3760)
0 6 3 0 1 0 0 1 0 0 2 1

fn=(4090)
0 636 108 60 12 8 0 12 3 0 138 15

fn=(4230)
0 21 6 0 1 0 0 1 0 0 6

fn=(4430)
0 174 35 30 2 0 0 2 0 0 39 13 3 3
cob=(7)
cfi=(7)
cfn=(4470) 0x00000000000b0b70
calls=1 0 
0 8 3 2 1 0 0 1 0 0 0 0 1
cob=(7)
cfi=(7)
cfn=(4468) 0x00000000000b1860
calls=1 0 
0 8 3 2 0 0 1 0 0 0 0 0 1 1
cob=(7)
cfi=(7)
cfn=(4460) 0x00000000000b1850
calls=1 0 
0 1467 408 183 3 14 1 3 0 0 198 21 3 2
0 175 63 4 5 4 0 5 0 0 38 8

fn=(4550)
0 8 1 5 1 0 0 1
cfn=(4552)
calls=1 0 
0 88 25 12 8 8 0 8 4 0 22 12
0 50 14 4 2 0 0 2 0 0 13 4 1 1
cfn=(4606)
calls=1 0 
0 66 17 24 7 0 0 7 0 0 7 3 1 1
0 43 13 11 4 0 0 4 0 0 8 4

fn=(2552)
0 28 12 0 2 3 0 2 0 0 4 4

fn=(2628)
0 70 28 0 1 0 0 1 0 0 14

fn=(2924)
0 70 6 12 4 3 2 4 0 2 6 3
cfn=(2552)
calls=1 0 
0 7 3 0 0 1 0 0 0 0 1 1
0 8 1 2 1 0 1 1 0 0 1 1
cfn=(2552)
calls=1 0 
0 7 3 0 0 0 0 0 0 0 1 1
0 10 1 2
cfn=(2944)
calls=1 0 
0 78 12 5 6 3 1 6 0 0 6 3
0 1 0 1
cfn=(2956)
calls=1 0 
0 16 10 3 3 4 0 3
0 14 9 1 2 2 1 2 0 1 1 1

fn=(3310)
0 2 0 0 1 0 0 1
cfn=(3312)
calls=1 0 
0 27 6 10 3 0 0 3 0 0 1 1

fn=(3384)
0 2151 485 359 6 2 1 6 2 0 277 54
cfn=(3396)
calls=1 0 
0 793 9 263 4 0 32 4 0 32 129 10
0 7855 641 1310 40 7 48 40 2 47 1348 257 2 2
cfn=(3448)
calls=2 0 
0 108 22 14 4 3 0 4 1 0 18 3
0 72 20 6 5 1 0 5 1 0 13 6 1 1
cfn=(3448)
calls=1 0 
0 26 8 4 0 1 0 0 0 0 3 1
0 33 4 5 7 0 1 7 0 1 5 3
cfn=(3608)
calls=1 0 
0 6 1 0 0 0 0 0 0 0 1
0 212 90 39 6 0 1 6 0 1 59 1

fn=(3556)
0 2394 570 0 2 1 0 2 1 0 228 1

fn=(3856)
0 21 6 0 0 0 0 0 0 0 6 1

fn=(4238)
0 264 56 88 3 3 3 3 0 0 32 7
cfn=(4240)
calls=8 0 
0 598 94 0 6 6 0 6 6 0 30 6
0 96 24 32 1 0 0 1 0 0 8 4 8 1
cfn=(3598)
calls=8 0 
0 3327 673 182 0 1 4 0 0 0 1055 61 4
0 830 248 250 16 4 2 16 2 0 152 35 6 1
cfn=(4240)
calls=6 0 
0 120 12 0 0 1 0 0 1 0 12
0 66 18 18 1 0 0 1 0 0 6 0 6 1
cfn=(3598)
calls=6 0 
0 1254 282 174 0 0 0 0 0 0 204 28 12
0 194 58 20 11 0 0 11 0 0 42 18 2 1
cfn=(3598)
calls=2 0 
0 146 26 18 0 0 0 0 0 0 26 15
0 60 14 2 2 0 0 2 0 0 20 4
cfn=(4264)
calls=2 0 
0 86 12 4 4 0 1 4 0 0 8 4
0 68 8 22 1 0 0 1 0 0 12 2
cfn=(4260)
calls=4 0 
0 1500 289 126 4 1 1 4 1 0 378 64 10 2
0 88 28 16 2 0 0 2 0 0 16 0 4 1
cfn=(3598)
calls=4 0 
0 640 122 43 0 0 0 0 0 0 180 17
0 157 89 6 5 1 0 5 0 0 122 19
cfn=(4282)
calls=2 0 
0 44 4 2 3 1 0 3 1 0 4 2
0 74 20 16 7 0 0 7 0 0 18 12
cfn=(4260)
calls=2 0 
0 958 184 74 0 0 0 0 0 0 252 24 6
0 122 32 12 8 1 0 8 1 0 18 4 8 6
cfn=(4248)
calls=2 0 
0 24 10 2 0 0 0 0 0 0 2 2
0 62 22 12 3 0 0 3 0 0 8 2
cfn=(4248)
calls=6 0 
0 186 42 12 2 0 0 2 0 0 24 2
0 132 36 12 2 3 0 2 3 0 24 4

ob=(4)
fl=(4)
fn=(2642)
0 1 0 1 1 0 0 1
cob=(3)
cfi=(3)
cfn=(2628)
calls=1 0 
0 5 2 0 0 0 0 0 0 0 1
0 1 1 0 0 0 0 0 0 0 0 0 1
0 5 2 0 0 0 0 0 0 0 1 1

fn=(2652)
0 2 0 1 1 0 0 1
cob=(3)
cfi=(3)
cfn=(2628)
calls=1 0 
0 5 2 0 0 0 0 0 0 0 1
0 1 1 0 0 0 0 0 0 0 0 0 1
0 8 2 0 0 0 0 0 0 0 2

fn=(2654)
0 2 0 1 1 0 0 1
cob=(3)
cfi=(3)
cfn=(2628)
calls=1 0 
0 5 2 0 0 0 0 0 0 0 1
0 1 1 0 0 0 0 0 0 0 0 0 1
0 8 2 0 0 0 0 0 0 0 2

fn=(2634)
0 1 0 1 1 0 0 1
cob=(3)
cfi=(3)
cfn=(2628)
calls=1 0 
0 5 2 0 0 0 0 0 0 0 1
0 1 1 0 0 0 0 0 0 0 0 0 1
0 5 2 0 1 0 0 1 0 0 1 1

fn=(2646)
0 1 0 1 1 0 0 1
cob=(3)
cfi=(3)
cfn=(2628)
calls=1 0 
0 5 2 0 0 0 0 0 0 0 1
0 1 1 0 0 0 0 0 0 0 0 0 1
0 5 2 0 0 0 0 0 0 0 1 1

fn=(2630)
0 2 0 1 1 0 0 1
cob=(3)
cfi=(3)
cfn=(2628)
calls=1 0 
0 5 2 0 0 0 0 0 0 0 1
0 1 1 0 0 0 0 0 0 0 0 0 1 1
0 8 2 0 1 0 0 1 0 0 2

fn=(2638)
0 2 0 1 1 0 0 1
cob=(3)
cfi=(3)
cfn=(2628)
calls=1 0 
0 5 2 0 0 0 0 0 0 0 1
0 1 1 0 0 0 0 0 0 0 0 0 1
0 5 2 0 0 0 0 0 0 0 1

fn=(4494) 0x0000000000005920
0 9 2 1 1 0 0 1 0 0 1

fn=(2632)
0 1 0 1 1 0 0 1
cob=(3)
cfi=(3)
cfn=(2628)
calls=1 0 
0 5 2 0 0 0 0 0 0 0 1
0 1 1 0 0 0 0 0 0 0 0 0 1
0 5 2 0 0 0 0 0 0 0 1 1

fn=(2650)
0 2 0 1 1 0 0 1
cob=(3)
cfi=(3)
cfn=(2628)
calls=1 0 
0 5 2 0 0 0 0 0 0 0 1
0 1 1 0 0 0 0 0 0 0 0 0 1
0 5 2 0 0 0 0 0 0 0 1

fn=(3108)
0 16 3 1 3 0 0 3 0 0 2 1

fn=(2592)
0 2 0 1 1 0 0 1
cob=(1)
cfi=(1)
cfn=(2600)
calls=1 0 
0 2000 602 245 10 12 4 10 8 1 316 29 1 1
0 5 3 2 2 0 0 2 0 0 0 0 2 2
0 8 2 0 1 0 0 1 0 0 2

fn=(2644)
0 2 0 1 1 0 0 1
cob=(3)
cfi=(3)
cfn=(2628)
calls=1 0 
0 5 2 0 0 0 0 0 0 0 1
0 1 1 0 0 0 0 0 0 0 0 0 1
0 5 2 0 0 0 0 0 0 0 1

fn=(4482)
0 8 3 2 1 2 0 1 0 0 2
cob=(1)
cfi=(1)
cfn=(2601)
calls=1 0 
0 1648 495 182 0 11 0 0 0 0 282 27 1 1
0 5 3 2 1 2 0 1 0 0 0 0 2 1
0 1 0 1
cfn=(4494)
calls=1 0 
0 9 2 1 1 0 0 1 0 0 1
0 3 2 1 1

fn=(2636)
0 1 0 1 1 0 0 1
cob=(3)
cfi=(3)
cfn=(2628)
calls=1 0 
0 5 2 0 0 0 0 0 0 0 1
0 1 1 0 0 0 0 0 0 0 0 0 1
0 5 2 0 1 0 0 1 0 0 1 1

fn=(2640)
0 2 0 1 1 0 0 1
cob=(3)
cfi=(3)
cfn=(2628)
calls=1 0 
0 5 2 0 0 0 0 0 0 0 1
0 1 1 0 0 0 0 0 0 0 0 0 1
0 8 2 0 1 0 0 1 0 0 2

fn=(2648)
0 1 0 1 1 0 0 1
cob=(3)
cfi=(3)
cfn=(2628)
calls=1 0 
0 5 2 0 0 0 0 0 0 0 1
0 1 1 0 0 0 0 0 0 0 0 0 1

ob=(2)
fl=(2)
fn=(3080)
0 6 2 0 1 1 0 1 0 0 1 1

fn=(3298) 0x0000000000400b28
0 6 2 0 1 0 0 0 0 0 1 1

fn=(4448)
0 3 1 0 2 0 0 2

fn=(4500)
0 3 1 0 2 0 0 2

fn=(2882)
0 6 2 0 1 0 0 0 0 0 1

fn=(3104)
0 6 2 0 0 1 0 0 0 0 1 1

fn=(3116)
0 6 2 0 1 1 0 1 0 0 1 1

fn=(4404)
0 3 1

fn=(4480)
0 3 1 0 1 0 0 1

fn=(4522)
0 3 1 0 1 0 0 1

ob=(4)
fl=(4)
fn=(2648)
0 5 2 0 0 0 0 0 0 0 1 1

ob=(6)
fl=(6)
fn=(3096)
0 17 3 1 3 0 0 3 0 0 2 1

fn=(3090) 0x0000000000002ab0
0 75 3 2 5 0 0 5 0 0 2

fn=(3084)
0 32 9 8 2 1 0 2 0 0 1 1
cfn=(3086) 0x0000000000002bc0
calls=1 0 
0 20 2 5 1 0 0 1 0 0 1
0 13 3 1 1 0 0 1 0 0 2
cfn=(3086)
calls=1 0 
0 20 2 5 0 0 0 0 0 0 1
0 34 5 1 2 1 0 2 1 0 5 2 1 1
cfn=(3090)
calls=1 0 
0 75 3 2 5 0 0 5 0 0 2
0 10 2 3 2 0 0 2 0 0 1

fn=(3086)
0 40 4 10 1 0 0 1 0 0 2

fn=(4516) 0x0000000000002f10
0 9 2 1 2 0 0 1 0 0 1 1

fn=(4502)
0 8 3 2 2 3 0 0 0 0 2
cob=(1)
cfi=(1)
cfn=(2601)
calls=1 0 
0 1648 495 182 0 13 0 0 0 0 282 18 1
0 5 3 2 2 1 0 1 0 0 0 0 2 2
0 1 0 1
cfn=(4516)
calls=1 0 
0 9 2 1 2 0 0 1 0 0 1 1
0 3 2 1

ob=(8)
fl=(13) /home/kordax/Projects/litedet/build-debug/../scan.h
fn=(4070) sign_get
38 27 0 9 1 0 0 1
+1 18 0 9
cob=(3)
cfi=(3)
cfn=(3328)
calls=9 -39 
* 2225 269 363 0 1 12 0 0 11 417 61
* 9 9 0 0 0 0 0 0 0 0 0 9
* 9 0 9
+2 9
+2 5805 1935 1935
-2 29112 11646 0 1 7 0 1 5 0 3882 10
+4 45 18 9 1 0 0 1
+1 27 9 9 0 0 0 0 0 0 9
+2 81 27 9 1 1 0 1 1
cob=(3)
cfi=(3)
cfn=(3534)
calls=9 -48 
* 540 114 0 0 1 0 0 0 0 87 9
* 9 9 0 0 0 0 0 0 0 0 0 9
* 9 0 9
+1 18 9 0 0 0 0 0 0 0 9 3
+2 30 12 0 0 0 0 0 0 0 6 2
+5 30 12 0 2 0 0 2 0 0 6
+2 60 18 6
cob=(3)
cfi=(3)
cfn=(3762)
calls=6 -58 
* 132 36 12 0 0 0 0 0 0 12 4 6 1
* 6 6 0 0 0 0 0 0 0 0 0 6
+1 18 6 6
+1 6
+11 6 0 0 1 0 0 1
+3 6 0 6 1 0 0 1
+1 6
+2 84 36 0 0 0 0 0 0 0 12 2
+2 18 6 6
+1 54 30 6
+1 6 0 6
+2 18 6 6
-8 42 18 0 0 0 0 0 0 0 6
+8 18 6 6
-8 84 36 0 2 0 0 2 0 0 12 4
+10 18 6 6
cob=(3)
cfi=(3)
cfn=(4088)
calls=5 -85 
* 560 95 55 0 1 0 0 0 0 115 9
cob=(1)
cfi=(1)
cfn=(2601)
calls=1 -85 
* 1544 493 216 13 14 0 13 5 0 254 24 1 1
* 10 8 2 0 0 0 0 0 0 0 0 7 2
* 18 6 6
+1 18 6 6
+2 72 30 6
cob=(3)
cfi=(3)
cfn=(4148)
calls=5 -88 
* 149 28 10 5 1 0 5 1 0 23 9 5 1
cob=(1)
cfi=(1)
cfn=(2601)
calls=1 -88 
* 1520 483 198 5 9 0 5 3 0 248 24 3 3
* 10 8 2 0 0 0 0 0 0 0 0 7 2
+1 30 18 6
+1 6 6
+1 18 18

fn=(4190) sign_rem
31 10 0 6
+1 6 2 2
cob=(3)
cfi=(3)
cfn=(3596)
calls=2 -32 
* 68 10 0 0 0 0 0 0 0 6 2
* 2 2 0 0 0 0 0 0 0 0 0 2
* 20 8 2
cob=(3)
cfi=(3)
cfn=(3878)
calls=2 -32 
* 38 8 6 0 0 0 0 0 0 7 2
* 2 2 0 0 0 0 0 0 0 0 0 2
+1 14 6 2
cob=(3)
cfi=(3)
cfn=(4196)
calls=1 -33 
* 5 1 0 0 0 0 0 0 0 1
cob=(1)
cfi=(1)
cfn=(2601)
calls=1 -33 
* 1757 553 235 1 11 0 1 5 0 277 32 1 1
* 6 4 2 0 0 0 0 0 0 0 0 3 2
+1 2
+1 4 4

fn=(4068) scanpat
94 12 0 6 2 0 0 2
+1 3 0 3
+1 3 0 3
+1 3 0 3
+1 3 0 3
+3 3
+2 30 12 6 1 0 0 1
cob=(3)
cfi=(3)
cfn=(3534)
calls=6 0 
* 762 147 0 9 2 0 9 2 0 95 27
* 6 6 0 0 0 0 0 0 0 0 0 6
* 6 0 6
+1 12 6 0 0 0 0 0 0 0 6 4
+2 6 2 2
cob=(3)
cfi=(3)
cfn=(3596)
calls=2 0 
* 68 10 0 0 0 0 0 0 0 6 2
* 2 2 0 0 0 0 0 0 0 0 0 2
* 4 0 2
cob=(3)
cfi=(3)
cfn=(3328)
calls=2 0 
* 344 52 72 2 0 2 2 0 2 48 10
* 2 2 0 0 0 0 0 0 0 0 0 2
* 2 0 2
+1 10 4 2
cob=(3)
cfi=(3)
cfn=(3762)
calls=2 0 
* 92 18 9 0 1 0 0 0 0 9 5 2 2
* 2 2 0 0 0 0 0 0 0 0 0 2
+1 2 0 2
+1 6 2 2
+1 10 2 0 0 0 0 0 0 0 2
+1 12 6 2
cfn=(4190)
calls=2 -80 
* 1934 600 255 1 11 0 1 5 0 291 36 8 3
-10 18 0 9 1 0 0 1
cfn=(4070)
calls=9 -63 
* 42540 15478 2934 33 35 12 33 15 11 5098 161 53 10
* 27 9 9 0 0 0 0 0 0 9 5
+13 12 4 0 0 0 0 0 0 0 4 2
+1 2 2
+1 6 6

fn=(4062) scan
119 4 0 2 1 0 0 1
+1 2 0 1 1 0 0 1
+2 80 30 10 0 1
cob=(3)
cfi=(3)
cfn=(3502)
calls=10 0 
* 70 20 0 0 0 0 0 0 0 20 1
* 10 10 0 0 0 0 0 0 0 0 0 10 1
* 10 0 10
+1 30 10 0 0 0 0 0 0 0 10 6
+4 40 10 10 1 0 0 1
cfi=(8)
cfn=(3504) fstat
calls=10 0 
* 150 20 0 0 0 0 0 0 0 20 0 10 1
* 20 0 0 0 0 0 0 0 0 10 3
+4 30 10 0 1 1 0 1 1 0 10 3
+2 27 6 3
cob=(3)
cfi=(3)
cfn=(3608)
calls=2 0 
* 12 2 0 0 0 0 0 0 0 2
cob=(1)
cfi=(1)
cfn=(2601)
calls=1 0 
* 1542 508 217 0 14 0 0 2 0 248 23 1 1
* 7 5 2 0 0 0 0 0 0 0 0 4 2
* 3 0 3
+2 6 3 0 1 0 0 1 0 0 3 3
+5 9 3 3
cfn=(4068)
calls=3 -46 
* 45944 16372 3332 49 49 14 49 22 13 5568 252 75 15
* 3 0 3
+2 21 6 3 1 0 0 1
cob=(3)
cfi=(3)
cfn=(4230)
calls=2 0 
* 14 4 0 0 0 0 0 0 0 4
cob=(1)
cfi=(1)
cfn=(2601)
calls=1 0 
* 1366 450 185 1 5 0 1 1 0 226 19 1 1
* 7 5 2 0 0 0 0 0 0 0 0 4 2
* 6 0 0 0 0 0 0 0 0 3 3
+5 6 3 0 0 0 0 0 0 0 3 1
+2 6 2 2
+1 18 8 2 1 1 0 1 1
cob=(3)
cfi=(3)
cfn=(4236)
calls=1 0 
* 1646 363 169 0 1 1 0 0 0 431 27 9
cob=(1)
cfi=(1)
cfn=(2601)
calls=1 0 
* 3136 853 375 53 24 8 53 10 0 684 99 10 8
* 6 4 2 0 0 0 0 0 0 0 0 3 1
+1 12 4 2
cob=(3)
cfi=(3)
cfn=(4236)
calls=2 0 
* 3584 748 374 6 3 1 6 3 0 822 100 22 4
* 2 2 0 0 0 0 0 0 0 0 0 2 1
+1 10 2 0 1 0 0 1 0 0 2
+1 8 2 2
cob=(3)
cfi=(3)
cfn=(4236)
calls=2 0 
* 818 188 144 0 1 0 0 1 0 122 37 6
* 2 2 0 0 0 0 0 0 0 0 0 2
+7 18 6 3
cob=(3)
cfi=(3)
cfn=(4272)
calls=2 0 
* 10 2 0 0 0 0 0 0 0 2 1
cob=(1)
cfi=(1)
cfn=(2601)
calls=1 0 
* 1585 508 215 0 10 0 0 1 0 256 20 1 1
* 7 5 2 0 0 0 0 0 0 0 0 4 2
* 6 0 0 0 0 0 0 0 0 3 2
+4 9 3 3
cob=(3)
cfi=(3)
cfn=(3856)
calls=2 0 
* 14 4 0 0 0 0 0 0 0 4 1
cob=(1)
cfi=(1)
cfn=(2601)
calls=1 0 
* 1554 512 225 0 7 0 0 1 0 246 17 1 1
* 7 5 2 0 0 0 0 0 0 0 0 4 2
* 6 0 0 0 0 0 0 0 0 3 3
-44 65 33 10 1 0 0 1 0 0 11 6
+50 2 2

fl=(12) /home/kordax/Projects/litedet/build-debug/../walk.h
fn=(3686) walk
15 5 0 3 2 0 0 2
+3 2 0 1
cob=(3)
cfi=(3)
cfn=(3328)
calls=1 -18 
* 184 27 30 0 0 1 0 0 1 26 4
* 1 1 0 0 0 0 0 0 0 0 0 1
* 1 0 1
+1 3 1 1
cob=(1)
cfi=(1)
cfn=(2601)
calls=1 -19 
* 2923 904 423 9 24 5 9 2 2 456 59 4 3
* 5 3 2 1 0 0 1 0 0 0 0 2 1
* 1 0 1
+1 2 1 0 0 0 0 0 0 0 1 1
+10 1 0 0 1 0 0 1
+2 14 0 14
cob=(3)
cfi=(3)
cfn=(3496)
calls=14 -32 
* 42 42
* 14 14 0 0 0 0 0 0 0 0 0 14 1
* 42 14 0 0 0 0 0 0 0 14 1
+1 518 0 448 0 0 0 0 0 0 448 23
+1 70 14 14 1 0 0 1
cob=(3)
cfi=(3)
cfn=(3762)
calls=13 -34 
* 351 65 26 0 0 0 0 0 0 39 0 13 11
cob=(1)
cfi=(1)
cfn=(2601)
calls=1 -34 
* 1558 505 218 7 6 0 7 2 0 248 15 3 3
* 18 16 2 0 0 0 0 0 0 0 0 15 1
+1 56 28 0 0 0 0 0 0 0 14 10
+2 48 24 0 0 0 0 0 0 0 12 8
+2 6 2 2
+1 58 36 2 0 0 0 0 0 0 70 2
+1 12 2 2
cob=(3)
cfi=(3)
cfn=(3572)
calls=2 -41 
* 113 14 4 1 0 0 1 0 0 11 3 2 2
* 2 2 0 0 0 0 0 0 0 0 0 2
* 10 2 2
cob=(3)
cfi=(3)
cfn=(3762)
calls=2 -41 
* 56 11 5 0 0 1 0 0 1 6 3 2 2
* 2 2 0 0 0 0 0 0 0 0 0 2
+1 10 4 2
cfi=(11) /home/kordax/Projects/litedet/build-debug/../list.h
cfn=(3866) fs_pushback
calls=2 -7 
* 1538 342 164 12 1 3 12 1 3 224 47 26
+1 10 2 0 0 0 0 0 0 0 2 1
+3 48 24 0 1 0 0 1 0 0 12 1
+2 30 10 10 1 0 0 1
+1 290 180 10 0 0 0 0 0 0 350 12
+1 60 10 10 1 0 0 1
cob=(3)
cfi=(3)
cfn=(3572)
calls=10 -50 
* 503 66 11 3 0 0 3 0 0 50 13 10 6
* 10 10 0 0 0 0 0 0 0 0 0 10
+1 50 10 0 0 0 0 0 0 0 10 4
+2 50 10 10
cfn=(3687) walk'2
calls=10 -38 
* 28494 6821 4821 45 46 39 45 15 35 5450 538 348 64
-23 45 15 15 1 0 0 1
cob=(3)
cfi=(3)
cfn=(3728)
calls=14 -30 
* 570 201 117 0 0 0 0 0 0 87 13
cob=(1)
cfi=(1)
cfn=(2601)
calls=1 -30 
* 2593 701 361 10 15 0 10 8 0 364 60 1 1
* 19 17 2 0 0 0 0 0 0 0 0 16 1
* 45 15 15 0 0 0 0 0 0 15 1
+28 3 1 1
cob=(3)
cfi=(3)
cfn=(3790)
calls=1 -58 
* 135 33 21 0 0 0 0 0 0 32 0 1
* 1 1 0 0 0 0 0 0 0 0 0 1
+1 1
+1 2 2

fn=(3687)
15 55 0 33
+3 22 0 11
cob=(3)
cfi=(3)
cfn=(3328)
calls=11 -18 
* 3404 428 484 4 0 14 4 0 14 690 64
* 11 11 0 0 0 0 0 0 0 0 0 11
* 11 0 11
+1 33 11 11
cob=(3)
cfi=(3)
cfn=(3692)
calls=11 -19 
* 2955 488 546 4 0 5 4 0 5 474 74 11 11
* 11 11 0 0 0 0 0 0 0 0 0 11 1
* 11 0 11
+1 22 11 0 0 0 0 0 0 0 11 1
+10 11
+2 31 0 31
cob=(3)
cfi=(3)
cfn=(3496)
calls=31 -32 
* 93 93
* 31 31 0 0 0 0 0 0 0 0 0 31
* 93 31 0 0 0 0 0 0 0 31 2
+1 1147 0 992 0 0 0 0 0 0 992 38
+1 155 31 31
cob=(3)
cfi=(3)
cfn=(3762)
calls=31 -34 
* 848 158 70 0 0 0 0 0 0 93 4 31 13
* 31 31 0 0 0 0 0 0 0 0 0 31 1
+1 124 62 0 0 0 0 0 0 0 31 18
+2 36 18 0 0 0 0 0 0 0 9 5
+2 24 8 8 1 0 0 1
+1 260 172 8 0 0 0 0 0 0 336 15
+1 48 8 8 1 0 0 1
cob=(3)
cfi=(3)
cfn=(3572)
calls=8 -41 
* 425 57 16 1 0 0 1 0 0 40 6 8 7
* 8 8 0 0 0 0 0 0 0 0 0 8
* 40 8 8
cob=(3)
cfi=(3)
cfn=(3762)
calls=8 -41 
* 295 50 25 5 1 3 5 1 3 30 10 8 5
* 8 8 0 0 0 0 0 0 0 0 0 8
+1 40 16 8
cfi=(11)
cfn=(3866)
calls=8 -7 
* 8539 2342 925 8 22 14 8 7 13 1179 126 120 8
+1 40 8 0 0 0 0 0 0 0 8 3
+3 36 18 0 0 0 0 0 0 0 9 4
+2 3 1 1
+1 32 21 1 0 0 0 0 0 0 41 1
+1 6 1 1
cob=(3)
cfi=(3)
cfn=(3572)
calls=1 -50 
* 50 7 2 0 0 0 0 0 0 5 0 1 1
* 1 1 0 0 0 0 0 0 0 0 0 1
+1 5 1 0 0 0 0 0 0 0 1
+2 5 1 1
cfn=(3687)
calls=1 -38 
* 1946 436 361 4 1 6 4 1 6 390 49 31 7
-23 126 42 42
cob=(3)
cfi=(3)
cfn=(3728)
calls=42 -30 
* 4728 1170 814 0 5 0 0 5 0 633 94
* 42 42 0 0 0 0 0 0 0 0 0 42 11
* 126 42 42 0 0 0 0 0 0 42 3
+28 33 11 11 1 0 0 1
cob=(3)
cfi=(3)
cfn=(3790)
calls=10 -58 
* 1350 330 210 1 0 0 1 0 0 320 17 10 1
cob=(1)
cfi=(1)
cfn=(2601)
calls=1 -58 
* 3041 998 457 18 18 3 18 2 0 475 53 4 3
* 15 13 2 1 0 0 1 0 0 0 0 12 2
+1 11
+1 22 22

fl=(10) /home/kordax/Projects/litedet/build-debug/../preload.h
fn=(3320) preload
35 3 0 1 1 0 0 1
+1 2 0 1
cfn=(3322) preload_buffers
calls=1 -10 
* 63234 15596 1053 74 1206 53 73 864 36 14024 2077 14 12
* 2 0 0 0 0 0 0 0 0 1 1
+6 2 0 1 1 0 1 1
+1 5 1 1
cob=(1)
cfi=(1)
cfn=(2601)
calls=1 -43 
* 1430 476 205 1 16 0 1 2 0 230 20 1 1
* 5 3 2 0 1 0 0 0 0 0 0 2 1
* 1 0 1
+1 2 1 0 0 0 0 0 0 0 1 1
+4 5 1 1 1 0 0 1
cfi=(8)
cfn=(3504)
calls=1 -48 
* 1726 557 247 3 9 0 3 1 0 267 18 3 2
* 2 0 0 0 0 0 0 0 0 1 1
+4 5 2 0 0 1 0 0 0 0 1 1
+5 3 1 1 1 0 0 1
cob=(3)
cfi=(3)
cfn=(3328)
calls=1 -57 
* 193 28 30 2 0 1 2 0 1 27 7
* 1 1 0 0 1 0 0 0 0 0 0 1 1
* 1 0 1
+1 7 3 1
cob=(1)
cfi=(1)
cfn=(2601)
calls=1 -58 
* 1500 502 217 1 8 0 1 0 0 240 23 1 1
* 5 3 2 0 0 0 0 0 0 0 0 2 1
* 2 0 0 0 0 0 0 0 0 1 1
+4 3 1 0 1 0 0 1 0 0 1 1
+5 1
+1 2 2 0 0 1

fn=(3322)
26 2 0 1
+1 2 0 1
cob=(1)
cfi=(1)
cfn=(2601)
calls=1 -27 
* 61251 14984 798 72 1118 44 71 862 35 13714 2055 9 9
* 5 3 2 0 0 0 0 0 0 0 0 2 1
* 1 0 1 0 0 1 0 0 1
+1 1 0 1
cob=(1)
cfi=(1)
cfn=(2601)
calls=1 -28 
* 1960 603 247 1 85 8 1 2 0 309 22 1 1
* 5 3 2 1 2 0 1 0 0 0 0 2 1
* 3 1 0 0 1 0 0 0 0 1
+1 2
+3 2 2

fl=(8)
fn=(3296)
0 16 0 7 2 0 0 2
cob=(2)
cfi=(2)
cfn=(3298)
calls=1 0 
0 6 2 0 1 0 0 0 0 0 1 1
0 7 1 1 0 1 0 0 1 0 1 0 1 1
cfn=(3302) 0x0000000000400e00
calls=1 0 
0 16 3 1 3 0 0 3 0 0 2 1
0 11 7 0 0 0 0 0 0 0 1

fn=(3504)
0 44 0 0 1 0 0 1
cob=(3)
cfi=(3)
cfn=(3510)
calls=10 0 
0 100 10 0 0 0 0 0 0 0 20
cob=(1)
cfi=(1)
cfn=(2601)
calls=1 0 
0 1717 554 245 1 8 0 1 1 0 267 18 1 1
0 15 13 2 1 1 0 1 0 0 0 0 12 2

fn=(4392) 0x0000000000400d60
0 8 2 1 0 0 0 0 0 0 1 1

fn=(4388)
0 5 1 2 0 1 0 0 1 0 1
cfn=(4392)
calls=1 0 
0 8 2 1 0 0 0 0 0 0 1 1
0 3 2 1

fn=(3286)
0 11 1 3 2 0 0 2
cob=(1)
cfi=(1)
cfn=(2600)
calls=1 0 
0 200839 56682 17646 545 1687 146 528 970 96 36936 4198 865 223
0 5 3 2 2 2 0 2 0 0 0 0 2 2

fn=(3302)
0 16 3 1 3 0 0 3 0 0 2 1

fl=(9)
fn=(3562) handle_arg
17 4 0 2 1 0 0 1
+1 4 1 0 0 0 0 0 0 0 1 1
+9 5 2 1 2 0 0 2
cob=(3)
cfi=(3)
cfn=(3556)
calls=1 -27 
* 21 5 0 0 0 0 0 0 0 2
* 1 1 0 0 0 0 0 0 0 0 0 1 1
* 7 1 1 0 0 0 0 0 0 1
+6 2 2 0 1 0 0 1

fn=(3564) get_real_path
36 4 0 2
+1 2 0 1
cob=(3)
cfi=(3)
cfn=(3328)
calls=1 -37 
* 184 27 30 0 0 1 0 0 1 26 5
* 1 1 0 0 0 0 0 0 0 0 0 1
* 1 0 1
+1 2 0 1 1 0 0 1
cob=(3)
cfi=(3)
cfn=(3328)
calls=1 -38 
* 193 28 30 0 0 1 0 0 1 27 4
* 1 1 0 0 0 0 0 0 0 0 0 1
* 1 0 1
+1 2 0 1
cob=(3)
cfi=(3)
cfn=(3328)
calls=1 -39 
* 193 28 30 0 0 0 0 0 0 27 2
* 1 1 0 0 0 0 0 0 0 0 0 1
* 1 0 1
+1 2 0 1
+1 14 3 3 1 0 0 1 0 0 1
+1 5 2 1
cob=(1)
cfi=(1)
cfn=(2601)
calls=1 -42 
* 1564 505 218 10 9 1 10 2 0 247 20 3 3
* 5 3 2 0 0 0 0 0 0 0 0 2 1
+1 24 15 1 1 0 0 1 0 0 25 7
+2 5 2 1
cob=(3)
cfi=(3)
cfn=(3572)
calls=1 -45 
* 41 6 2 1 1 0 1 1 0 4 1 1 1
* 1 1 0 0 0 0 0 0 0 0 0 1 1
+1 5 2 1
cob=(3)
cfi=(3)
cfn=(3572)
calls=1 -46 
* 40 5 2 0 1 0 0 1 0 4 1 1 1
* 1 1 0 0 0 0 0 0 0 0 0 1
+2 1 1
+1 2 2

fn=(3318)
52 5 0 3 1 0 0 1
+1 2 0 1
cfi=(10)
cfn=(3320)
calls=1 -18 
* 68142 17178 1765 86 1243 55 85 867 37 14794 2151 24 19
+3 2 1 0 0 0 0 0 0 0 1 1
+5 2 1 0 1 0 0 1 0 0 1 1
+5 2 1 0 0 0 0 0 0 0 1
+2 6 3 0 1 0 0 1 0 0 1 1
+8 2 0 1 1 0 1 1
+2 36 12 2 1 2 0 1 2 0 2
cob=(3)
cfi=(3)
cfn=(3534)
calls=1 -78 
* 46 8 0 0 0 0 0 0 0 5 1
cob=(1)
cfi=(1)
cfn=(2601)
calls=1 -78 
* 1710 553 246 7 11 1 7 3 0 261 22 2 2
* 6 4 2 0 0 0 0 0 0 0 0 3 1
* 2 0 2
+1 36 12 2 2 1 0 2 1 0 2
cob=(3)
cfi=(3)
cfn=(3534)
calls=2 -79 
* 94 17 0 0 1 0 0 1 0 11 2
* 2 2 0 0 0 0 0 0 0 0 0 2 1
* 2 0 2
+1 6 2 0 0 0 0 0 0 0 2 1
+2 9 3 1 1 0 0 1
cob=(1)
cfi=(1)
cfn=(2601)
calls=1 -82 
* 1466 475 196 4 5 0 4 1 0 239 16 2 2
* 5 3 2 0 0 0 0 0 0 0 0 2 1
* 2 0 0 0 0 0 0 0 0 1
+2 1 0 1
+1 6 2 1
+1 1
-10 5 2 1 1 0 0 1 0 0 2 2
+22 3 1 0 0 0 0 0 0 0 1
+2 3 1 1
cfn=(3562)
calls=1 -83 
* 44 12 4 4 0 0 4 0 0 4 1 1 1
+2 10 3 1 1 0 0 1
cob=(3)
cfi=(3)
cfn=(3556)
calls=1 0 
* 21 5 0 0 0 0 0 0 0 2
* 1 1 0 0 0 0 0 0 0 0 0 1
* 12 3 1 1 0 0 1 0 0 1
cob=(3)
cfi=(3)
cfn=(3556)
calls=1 0 
* 21 5 0 0 0 0 0 0 0 2
* 1 1 0 0 0 0 0 0 0 0 0 1
* 2 0 0 0 0 0 0 0 0 1 1
+6 2 1 0 1 0 0 1 0 0 1
+1 3 1 0 0 0 0 0 0 0 1 1
+9 3 2 1 1 0 0 1
+2 3 1 1 1 0 0 1
cfn=(3564)
calls=1 -84 
* 2296 634 330 14 11 3 14 4 2 361 40 12 7
* 1 0 1
+1 5 1 0 0 0 0 0 0 0 1 1
+8 5 1 0 1 0 0 1 0 0 1 1
+15 2 0 1 1 0 0 1
cob=(1)
cfi=(1)
cfn=(2601)
calls=1 0 
* 4008 1216 551 45 21 1 45 5 0 771 52 49 8
* 5 3 2 1 0 0 1 0 0 0 0 2 1
+1 7 1 1 0 0 0 0 0 0 1
cob=(3)
cfi=(3)
cfn=(3594)
calls=1 0 
* 515 130 73 10 1 1 10 1 1 81 34 5
* 1 1 0 0 0 0 0 0 0 0 0 1 1

ob=(7)
fl=(7)
fn=(3210)
0 49 25 12 3 15 0 3 3 0 12 1

fn=(4450)
0 8 3 2 1 3 0 1 0 0 2
cob=(1)
cfi=(1)
cfn=(2601)
calls=1 0 
0 3176 927 375 4 26 2 4 0 0 489 55 9 6
0 5 3 2 2 2 0 1 0 0 0 0 2 1
0 1 0 1
cfn=(4474) 0x000000000005bc50
calls=1 0 
0 9 2 1 1 0 0 0 0 0 1
0 3 2 1

fn=(3136)
0 5 1 1 2 1 0 2 1 0 1 1
cob=(1)
cfi=(1)
cfn=(2601)
calls=1 0 
0 1255 354 155 3 11 1 3 2 0 180 22 1 1
0 5 3 2 1 0 0 1 0 0 0 0 2 1
0 5 0 2 0 0 0 0 0 0 1
cob=(1)
cfi=(1)
cfn=(2601)
calls=1 0 
0 1322 358 142 1 9 0 1 1 0 190 12 1 1
0 5 3 2 1 0 0 1 0 0 0 0 2 1
0 4 0 2
cob=(1)
cfi=(1)
cfn=(2601)
calls=1 0 
0 1187 338 143 2 6 0 2 1 0 171 10 1 1
0 5 3 2 1 1 0 1 0 0 0 0 2 1
0 4 0 1 1 0 0 1
cob=(1)
cfi=(1)
cfn=(2601)
calls=1 0 
0 1772 550 233 8 19 2 8 5 2 285 32 1 1
0 5 3 2 1 1 0 1 0 0 0 0 2 1
0 3 1

fn=(3148)
0 12 6 3 1 1 0 1

fn=(3184)
0 73 7 38 4 2 4 4 2 4 26 16

fn=(3262)
0 54 2 52 9 1 6 9 1 6

fn=(4468)
0 3 0 1 0 0 1
cfn=(4466)
calls=1 0 
0 4 2 1
0 1 1 0 0 0 0 0 0 0 0 0 1 1

fn=(3264)
0 5 0 3 0 0 1 0 0 1
cfn=(3148)
calls=1 0 
0 4 2 1
0 1 1 0 0 0 0 0 0 0 0 0 1 1
0 7 0 2 1 0 0 1
cob=(3)
cfi=(3)
cfn=(3160)
calls=1 0 
0 66 13 15 0 0 1 0 0 0 9 3
0 1 1 0 0 0 0 0 0 0 0 0 1 1
0 3 0 2
cfn=(3148)
calls=1 0 
0 4 2 1
0 1 1 0 0 0 0 0 0 0 0 0 1
0 7 1 1 1 0 0 1
cob=(3)
cfi=(3)
cfn=(3160)
calls=1 0 
0 66 13 15 0 0 0 0 0 0 9 3
0 1 1 0 0 0 0 0 0 0 0 0 1

fn=(4470)
0 3 0 1 1 0 0 1
cfn=(4466)
calls=1 0 
0 4 2 1
0 1 1 0 0 0 0 0 0 0 0 0 1

fn=(3120)
0 13 2 1 1 0 0 1 0 0 1

ob=(8)
fl=(9)
fn=(3318)
145 1
+3 2 0 1
cfi=(11)
cfn=(3650) fs_make
calls=1 27 
* 236 44 41 6 0 1 6 0 1 37 15 1
* 1 0 1
+2 5 2 1 1 0 0 1
cfi=(12)
cfn=(3686)
calls=1 15 
* 40625 10205 6771 96 92 49 96 28 42 7941 819 473 96

ob=(7)
fl=(7)
fn=(3120)
0 3 1 0 1 1 0 1 0 0 1 1

fn=(3128)
0 2 0 1 1 0 0 1
cob=(1)
cfi=(1)
cfn=(2600)
calls=1 0 
0 6867 1977 838 21 63 6 21 11 3 1012 99 13 9
0 5 3 2 1 2 0 1 0 0 0 0 2 2
0 4 2 1 1 1 1 1

fn=(3142)
0 26 10 6 3 1 0 3 0 0 4 2

fn=(3236)
0 43 22 10 3 13 0 3 3 0 11 2

ob=(8)
fl=(9)
fn=(3318)
151 3 1 1
cfi=(13)
cfn=(4062)
calls=1 -32 
* 61950 20735 5318 118 117 24 118 43 13 8713 627 169 43
+8 5 1 0 0 0 0 0 0 0 1 1
+14 2 0 1 2 0 0 2
cob=(3)
cfi=(3)
cfn=(3594)
calls=1 0 
* 2808 780 333 2 2 0 0 2 0 648 22 49
* 1 1 0 0 0 0 0 0 0 0 0 1 1

ob=(7)
fl=(7)
fn=(3236)
0 6 3 2 0 0 0 0 0 0 1

fn=(3154)
0 5 2 2 2 0 0 2 0 0 1 1

fn=(3182)
0 6 1 5 1 0 2 1

fn=(4466)
0 12 6 3 1 1 0 1

fn=(4474)
0 9 2 1 1 0 0 0 0 0 1

fn=(4460)
0 3 0 1 1 0 1 1
cob=(1)
cfi=(1)
cfn=(2601)
calls=1 0 
0 1459 405 180 1 13 0 1 0 0 198 21 1 1
0 5 3 2 1 1 0 1 0 0 0 0 2 1

ob=(8)
fl=(9)
fn=(3318)
174 6 2 1
cob=(3)
cfi=(3)
cfn=(4236)
calls=1 0 
* 1806 384 184 26 2 1 26 2 0 430 51 10 2
* 1 1 0 0 0 0 0 0 0 0 0 1
+1 6 2 1
cob=(3)
cfi=(3)
cfn=(4236)
calls=1 0 
* 1753 373 182 0 1 0 0 1 0 411 46 10
* 1 1 0 0 0 0 0 0 0 0 0 1
+2 1
+1 2 2 0 0 1

fl=(11)
fn=(3650)
27 3 0 1
+1 2 0 1
cob=(3)
cfi=(3)
cfn=(3328)
calls=1 -28 
* 224 39 37 5 0 1 5 0 1 37 15
* 1 1 0 0 0 0 0 0 0 0 0 1
* 1 0 1
+1 2 1 1 1 0 0 1
+2 1 1
+1 2 2

fn=(3866)
35 50 0 30
+1 30 10 10
cob=(3)
cfi=(3)
cfn=(3596)
calls=9 -36 
* 306 45 0 0 1 0 0 1 0 27 5
cob=(1)
cfi=(1)
cfn=(2601)
calls=1 -36 
* 1567 511 217 0 7 1 0 2 0 248 20 1 1
* 14 12 2 0 0 0 0 0 0 0 0 11 2
* 10 0 10
+2 20 0 10
+2 275 110 55 1 0 0 1
cob=(3)
cfi=(3)
cfn=(3556)
calls=55 -40 
* 1155 275 0 0 1 0 0 1 0 110 1
* 55 55 0 0 0 0 0 0 0 0 0 55
* 110 0 0 0 0 0 0 0 0 55 3
+9 275 110 55 1 0 0 1
cob=(3)
cfi=(3)
cfn=(3556)
calls=55 -49 
* 1155 275 0 0 0 0 0 0 0 110
* 55 55 0 0 0 0 0 0 0 0 0 55
* 110 0 0 0 0 0 0 0 0 55
+1 330 165 0 1 2 0 1 1 0 55 12
+2 20 0 10
cob=(3)
cfi=(3)
cfn=(3328)
calls=10 -52 
* 2458 343 383 13 1 12 13 0 12 414 102 1 1
* 10 10 0 0 0 0 0 0 0 0 0 10
* 50 20 10
+2 100 50 10
cob=(3)
cfi=(3)
cfn=(3878)
calls=9 -54 
* 156 31 22 0 0 4 0 0 4 29 2
cob=(1)
cfi=(1)
cfn=(2601)
calls=1 -54 
* 1517 490 208 4 10 0 4 3 0 245 21 2 2
* 14 12 2 0 1 0 0 0 0 0 0 11 2
+1 50 30 10
+1 10
-18 155 55 45 0 0 0 0 0 0 55 7
+21 20 20

totals: 2313245 558918 215493 1291 9753 1692 1269 5947 1265 340798 19971 3452 330
